gene	pwy	trn	transport	enzyme	BP_GO	Y-ome
EG12230	0	1	1	0	1	0
G0-10643	0	0	0	0	0	1
EG10728	1	1	0	0	1	0
EG12851	0	0	0	0	0	1
EG11401	0	1	0	0	0	1
EG12329	0	0	0	0	0	1
EG10723	1	1	0	1	1	0
EG12139	0	0	0	0	1	0
EG11047	0	1	1	0	1	0
EG11938	0	1	0	1	0	0
EG10720	0	1	0	0	1	1
EG11806	0	1	0	0	0	1
EG10783	0	1	1	0	1	0
EG11603	0	1	0	1	0	0
EG10717	1	1	0	1	1	0
EG11436	0	0	0	1	1	0
G6478	0	1	1	0	1	0
G7876	0	1	0	0	0	1
EG10738	0	1	0	1	1	0
EG11201	0	0	0	0	0	1
EG12883	0	1	1	0	1	0
G7767	0	0	0	0	0	1
EG10733	1	1	0	1	1	0
EG11137	0	0	0	0	1	1
EG11403	0	1	0	1	1	0
G7675	0	1	0	0	1	1
EG12211	0	1	0	0	1	0
EG10725	1	1	0	1	1	0
EG10847	0	0	0	0	0	1
G6236	0	1	0	1	1	0
EG11048	0	1	1	0	1	0
G7567	0	0	0	0	0	1
EG10611	0	0	0	0	1	1
EG10721	1	1	0	1	1	0
G7450	0	0	0	0	1	1
G7324	0	1	0	0	1	0
EG10784	0	1	1	0	1	0
G7316	0	1	0	0	0	1
EG11828	0	0	0	0	1	0
EG10718	1	1	0	1	1	0
G7163	0	0	0	0	0	1
EG12202	0	1	0	0	1	0
G6996	0	0	0	0	1	1
EG11752	1	0	0	1	1	0
G6895	0	0	0	0	0	1
EG11017	1	1	0	1	1	0
G6759	0	0	0	1	0	0
EG12629	1	1	0	1	1	0
G6564	0	0	0	0	1	1
EG12127	0	1	1	0	1	0
G6451	0	1	0	0	0	1
EG10033	0	1	0	1	1	0
G6329	0	1	0	1	1	0
G6655	0	1	0	1	1	0
G6180	0	1	0	0	0	1
EG11751	1	0	0	1	1	0
EG11050	1	1	0	1	1	0
EG10398	1	1	0	1	1	0
G0-10561	0	0	0	0	0	0
EG11904	1	0	0	1	1	0
EG12710	0	0	0	0	0	1
EG10399	1	1	0	1	1	0
EG12291	0	0	0	0	0	1
EG20091	1	1	0	1	1	0
EG12104	0	0	0	1	0	0
G7263	1	1	0	1	1	0
EG11935	0	1	0	0	0	1
G7486	1	1	0	1	1	1
G6576	0	0	0	1	1	0
EG11764	0	0	0	0	1	1
EG11702	0	1	0	1	1	0
EG12183	0	0	1	0	1	0
EG11548	0	0	0	0	0	1
G7487	1	1	0	1	1	1
EG12440	1	1	0	1	1	0
EG11383	0	0	0	1	1	0
EG12115	0	0	0	1	1	0
EG10041	1	1	0	1	1	0
G7850	0	0	0	0	0	1
G7500	0	0	0	0	1	1
G6880	1	0	0	1	1	0
EG11192	0	0	0	0	0	1
G7485	1	1	0	1	1	1
G6567	1	0	0	1	1	0
G7742	1	0	0	1	1	0
EG11327	0	1	1	0	1	0
EG11126	0	1	0	0	1	1
EG10220	1	1	0	1	1	0
G7650	0	1	0	0	0	1
G6358	1	1	0	1	1	0
EG10433	0	0	0	0	0	1
EG11102	1	0	0	1	1	0
G7535	0	0	0	0	1	1
EG10661	1	1	0	1	1	0
G7435	0	0	0	0	1	1
EG10160	0	1	0	1	1	0
G7286	0	0	0	0	1	1
EG12381	1	1	0	1	1	0
G7112	0	1	0	0	0	1
EG11045	1	1	0	1	1	0
G6884	0	0	0	0	1	1
EG10422	0	0	0	1	1	0
G6728	0	1	0	0	1	1
EG10048	0	1	0	1	1	0
G6540	0	0	0	0	1	1
EG11971	0	1	1	0	1	0
G6426	0	0	0	0	0	1
EG10994	1	0	0	1	1	0
G6289	0	0	0	0	0	1
EG10414	1	1	0	1	1	0
G6108	0	1	0	0	1	1
EG10030	1	1	0	1	1	0
EG11700	0	1	1	0	1	0
EG10835	1	1	0	1	1	0
G0-10470	0	0	0	0	1	1
EG10225	0	0	0	1	1	0
EG12704	0	0	0	0	0	1
EG11332	1	1	0	1	1	0
EG12273	0	0	0	0	0	1
EG10221	1	1	0	1	1	0
EG12042	0	1	0	0	0	1
G85	1	1	0	1	1	0
EG11917	0	1	0	0	0	1
EG10664	0	1	1	0	1	0
EG11725	0	1	0	1	0	0
EG10200	0	1	0	0	1	0
EG11526	0	0	0	0	1	1
EG20098	1	1	0	1	1	0
EG11315	0	0	0	1	0	0
EG11082	1	0	0	1	1	0
EG11184	0	1	0	0	0	1
EG10051	1	1	0	1	1	0
G7732	0	0	0	0	1	1
EG12030	1	0	0	1	1	0
EG11121	0	0	0	1	1	0
EG11701	1	1	0	1	1	0
G7620	0	1	0	0	0	1
EG10251	1	0	0	1	1	0
EG10266	0	1	1	0	1	0
EG11418	1	1	0	1	1	0
G7520	0	1	0	0	0	1
EG11563	0	1	0	0	1	1
EG11326	1	1	0	1	1	0
G7418	0	1	0	0	1	1
G6918	0	1	0	0	1	0
EG10219	1	1	0	1	1	0
G7238	0	1	0	0	0	1
EG20257	1	1	0	1	1	0
EG11824	0	0	0	0	1	0
G7064	0	0	0	0	1	1
EG11090	1	0	0	1	1	0
EG11012	0	1	1	0	1	0
G6983	0	1	0	0	0	1
EG10660	1	1	0	1	1	0
G7609	0	1	0	0	1	0
G6866	0	1	0	0	1	1
EG12244	1	1	0	1	1	0
EG10137	1	1	0	1	1	0
G6653	1	1	0	1	1	1
EG11562	0	1	0	0	1	1
EG12302	1	0	0	1	1	0
G6506	0	0	0	0	0	1
G0-10441	1	0	0	1	1	0
EG11035	0	1	1	0	1	0
G6413	0	0	0	0	1	1
EG10039	1	1	0	1	1	0
G6264	0	0	0	0	0	1
EG11934	1	1	0	1	0	0
G6082	0	0	0	0	0	1
EG10966	1	0	0	1	1	0
G6903	1	1	0	1	0	0
EG10413	1	0	0	1	1	0
G0-10657	0	0	0	0	0	1
EG10337	1	1	0	1	1	0
EG11539	1	0	0	1	1	0
G0-10440	0	0	0	0	0	0
EG10223	0	0	0	0	1	0
EG12391	0	0	0	0	0	1
EG12386	0	0	0	0	1	0
EG12262	0	1	0	0	1	1
EG10361	1	1	0	1	1	0
EG11998	0	1	0	0	0	1
EG11329	1	1	0	1	1	0
EG11874	0	0	0	0	0	1
EG11172	1	1	0	1	1	0
EG11713	0	0	0	0	1	1
EG11556	1	0	0	1	1	0
EG11516	0	1	0	0	1	1
EG11797	1	1	0	1	1	0
EG11292	0	0	0	1	0	0
G6879	1	0	0	1	1	0
G7844	0	0	0	0	0	1
G7259	1	1	0	1	1	0
EG11173	0	1	0	0	0	1
EG12033	1	1	0	1	1	0
G6286	1	1	0	1	1	0
G7699	0	1	0	0	1	1
EG11237	0	1	0	1	1	0
G6281	1	1	0	1	1	0
EG11108	0	1	0	0	0	1
G6284	1	1	0	1	1	0
G7613	0	0	0	0	0	1
G6285	1	1	0	1	1	0
EG10021	0	0	0	1	1	0
G6275	1	1	0	1	1	0
G7497	0	0	0	0	0	1
G7544	1	1	0	1	1	1
G7396	0	1	0	0	1	1
EG11865	1	0	0	1	1	0
G7545	1	1	0	1	1	1
G7202	0	1	0	0	0	1
G7855	1	1	0	1	1	0
G0-8601	1	1	0	1	1	1
G7027	0	1	0	0	1	1
G7739	0	1	0	0	1	1
EG10175	1	1	0	1	1	0
G6970	0	1	0	0	0	1
G7736	0	1	0	0	1	1
EG10176	1	1	0	1	1	0
G6956	0	1	0	0	0	1
G6868	0	0	0	0	0	1
EG10177	0	1	1	0	1	1
G6813	0	1	0	0	0	1
EG12019	0	0	0	0	0	1
G6958	0	0	0	1	0	0
G6635	0	0	0	0	0	1
G7747	0	1	0	0	1	1
G6475	1	0	0	1	1	0
G6502	0	0	0	1	1	0
G7737	0	1	0	0	1	1
G6967	1	1	0	1	1	0
G6399	0	1	0	0	0	1
G7288	1	1	0	1	1	0
G6497	0	0	0	1	1	0
G6243	0	0	0	0	1	1
EG12113	0	0	0	0	1	1
G6891	1	1	0	1	1	0
G0-9582	0	1	0	0	1	1
EG10222	1	1	0	1	1	0
G6099	1	0	0	1	1	0
G7757	0	0	0	0	0	1
EG11564	0	1	0	0	1	1
G0-10649	0	0	0	0	0	1
G7738	0	1	0	0	1	1
EG11557	1	1	0	1	1	0
EG12881	0	0	0	0	0	0
G7634	0	1	0	1	1	1
EG11565	0	1	0	0	0	1
EG12365	0	0	0	0	1	1
EG12234	0	0	0	1	1	0
EG11559	1	1	0	1	1	0
EG12248	0	1	0	0	1	1
EG11583	1	1	0	1	1	0
EG11964	0	1	0	0	0	1
EG10589	1	1	0	1	1	0
EG11851	0	0	0	0	0	1
EG10026	0	1	0	0	1	0
EG11684	0	1	0	0	0	1
EG10491	0	1	0	0	1	0
EG11472	0	0	0	0	1	1
EG10022	1	1	0	1	1	0
G7930	0	0	0	0	0	1
EG10023	1	1	0	1	1	0
EG11289	0	1	0	1	1	0
EG11261	0	1	0	1	0	0
G7748	0	1	0	0	1	0
G7123	0	0	0	1	1	0
G7835	0	1	0	0	0	1
G6907	0	1	0	0	1	0
G6261	1	1	0	1	1	0
EG11161	0	0	0	0	1	1
EG12131	0	0	0	0	1	0
EG12318	0	1	0	1	1	0
G7693	0	0	0	0	0	1
EG11415	0	1	0	0	1	0
EG10138	0	0	0	1	1	0
EG11084	0	1	0	0	1	0
EG10299	0	1	0	1	1	0
G7877	0	1	0	0	1	0
G7608	0	1	0	0	0	1
G6908	0	1	0	0	1	0
G6731	0	0	0	1	1	0
G7484	0	0	0	0	0	1
EG12132	0	1	0	0	1	0
EG12172	0	1	0	1	1	0
G7371	0	0	0	0	0	1
EG11653	0	0	0	0	1	0
G7721	0	0	0	0	1	1
G7187	0	1	0	1	1	0
G6701	0	1	0	0	1	0
EG10306	0	1	1	0	1	0
G7013	0	0	0	0	1	1
G6909	0	1	0	0	1	0
EG11850	1	0	0	1	0	0
G6924	0	1	0	0	1	1
G7599	0	0	0	1	1	0
G6905	0	1	0	0	1	0
G6770	0	0	0	1	0	0
EG12073	0	0	0	0	1	0
G6580	1	0	0	1	0	0
G6618	0	0	0	0	0	1
EG11378	0	1	0	0	1	0
EG11692	1	1	0	1	1	0
G6472	0	0	0	0	0	1
G7164	1	0	0	1	0	0
EG10112	0	1	1	0	1	0
G6379	0	0	0	0	1	0
G6456	0	1	0	0	0	0
EG10109	1	1	0	1	1	0
G6210	0	0	0	0	0	1
EG11298	0	0	0	1	1	0
EG10110	1	1	0	1	1	0
EG11002	1	0	0	1	1	0
G7145	0	1	0	1	1	0
EG10585	1	1	0	1	1	0
G6326	0	1	0	0	1	0
G0-10645	0	1	0	0	0	0
EG10626	0	0	0	1	1	0
EG10995	0	0	0	1	1	0
EG12859	0	0	0	0	1	0
EG11417	1	1	0	1	1	0
G7901	0	1	0	0	1	1
EG12336	0	0	0	0	0	1
EG10961	1	1	0	1	1	0
G6791	0	1	0	0	1	1
EG12159	1	0	0	1	0	0
EG12882	1	0	0	1	1	0
EG12633	1	1	0	1	1	0
EG11941	0	1	0	0	0	1
EG10962	1	0	0	1	1	0
EG12293	1	0	0	1	0	0
EG11825	0	0	0	0	1	1
EG10959	1	1	0	1	1	0
G7740	0	1	0	1	1	0
EG11604	0	0	0	0	1	1
G6842	0	1	0	1	1	0
G6717	0	1	0	1	1	0
EG11445	0	1	0	1	0	0
EG10963	1	0	0	1	1	0
EG11905	0	0	0	1	1	0
G7887	0	1	0	0	0	1
EG10960	1	1	0	1	1	0
G7636	0	1	0	0	1	1
EG11214	0	0	0	0	0	1
G6647	0	1	0	1	1	0
G7454	0	0	0	1	1	0
G7825	0	0	0	0	0	1
G7676	1	1	0	1	1	0
EG11728	0	0	0	0	1	1
EG11139	0	0	0	0	0	1
G7677	1	1	0	1	1	1
G7408	0	0	0	1	0	0
G7681	0	0	0	0	0	1
G6539	0	0	0	1	0	0
G436	0	1	1	0	1	0
EG10849	0	1	0	0	1	1
EG11438	0	0	0	1	1	0
EG10636	0	1	0	0	1	0
G7568	0	0	0	0	0	1
EG10632	1	1	0	1	1	0
G7158	0	0	0	1	1	0
G7451	0	0	0	0	1	0
G6428	0	0	0	1	1	0
G7630	0	1	0	0	1	0
G7317	0	0	0	0	1	1
EG10637	1	1	0	1	1	0
EG11241	0	1	0	0	0	1
G7169	1	1	0	1	1	1
EG10633	1	1	0	1	1	0
G6810	1	0	0	1	1	0
G6997	0	0	0	0	0	1
EG11428	0	1	0	1	1	0
EG12702	0	1	0	0	0	1
G6897	0	1	0	0	0	1
G7093	0	0	0	0	1	1
EG12298	0	1	0	0	1	1
G6760	1	1	0	1	0	0
EG12373	1	1	0	1	0	0
G7868	0	0	0	1	0	0
G6568	0	0	0	0	0	1
EG11060	1	0	0	1	1	0
G6727	0	1	0	0	1	1
G6454	0	0	0	0	0	1
EG12069	1	1	0	1	1	0
G7516	1	1	0	1	1	0
G6330	0	0	0	0	1	1
G7717	0	0	0	0	1	1
EG12285	1	1	0	1	1	0
G6186	0	0	0	0	0	1
G6654	0	1	0	1	1	0
G7234	0	1	0	1	0	0
EG11761	0	0	0	1	1	0
EG11444	1	1	0	1	1	0
G7490	0	0	0	1	0	0
G6806	0	1	0	1	1	0
G0-10593	0	0	0	0	0	1
G6556	0	0	0	1	1	0
EG10745	1	0	1	0	1	0
EG12843	0	1	0	0	0	1
EG11568	0	0	0	1	1	0
G7928	0	0	0	0	1	0
EG12309	0	0	0	0	1	1
G7160	0	0	0	1	1	0
G6342	1	1	0	1	1	0
EG12106	0	1	0	0	0	1
G6437	0	0	0	1	0	0
EG10456	0	1	0	1	1	0
EG11936	0	1	0	0	0	1
G7860	1	1	0	1	1	0
EG11775	0	1	0	0	1	1
G7517	1	1	0	1	1	0
EG11571	0	0	0	0	1	1
EG12319	0	1	0	1	1	0
EG11400	0	1	0	0	0	1
G7419	0	0	0	0	1	1
G7853	0	1	0	1	1	0
G6890	0	1	0	1	1	0
EG11195	1	0	0	1	0	0
EG11032	1	1	0	1	1	0
G7756	0	1	0	1	0	0
G7932	0	0	0	0	1	1
EG11133	0	0	0	0	1	1
EG10628	0	1	0	0	1	0
G7657	0	1	0	0	1	0
G7911	0	1	0	1	1	1
EG10780	1	1	0	1	0	0
G6277	0	1	0	1	1	0
G7550	0	1	0	0	1	1
G7553	0	0	0	1	1	0
G7436	0	0	0	0	1	1
EG12361	0	0	0	1	1	0
G7296	0	0	0	0	0	0
G7493	0	0	0	0	1	1
G7148	0	0	0	0	0	1
EG11844	0	0	0	0	1	1
G6993	0	0	0	0	1	1
G7195	1	0	0	1	1	0
G6888	0	0	0	0	0	1
EG11421	0	1	0	0	1	0
G6742	0	1	0	0	0	1
G6661	1	1	0	1	1	0
G6542	0	1	0	0	0	1
EG10744	1	1	1	0	1	0
G6433	0	0	0	0	0	1
G7914	0	1	0	0	1	1
G6292	0	0	0	0	1	1
G6341	1	1	0	1	1	0
G6126	0	0	0	0	0	1
EG10425	0	0	0	1	1	0
G7859	1	1	0	1	1	0
EG50005	0	1	0	1	1	0
G0-10471	0	0	0	0	0	1
G6852	0	1	0	0	1	0
EG12705	0	0	0	0	1	1
EG11381	0	1	0	0	1	1
EG12280	0	1	0	0	1	1
EG10378	1	1	0	1	1	0
EG12043	0	0	0	0	0	1
EG10379	1	1	0	1	1	0
EG11922	0	0	0	0	0	1
G6215	0	0	0	0	1	1
EG11735	0	0	0	1	1	0
EG10377	1	1	0	1	1	0
EG11540	0	1	0	1	1	0
G6892	0	1	0	0	1	0
EG11345	0	1	0	0	1	0
EG11494	0	0	0	1	1	0
G7846	0	0	0	0	0	1
EG10605	1	0	0	1	1	0
EG11187	0	0	0	0	1	1
G6565	0	0	0	0	1	0
G7733	0	0	0	0	0	1
EG11253	1	1	0	1	1	0
EG11122	0	0	0	0	0	1
EG10544	0	1	0	0	1	0
G7639	0	0	0	0	1	1
EG10214	1	1	0	1	1	0
EG10307	0	0	0	0	1	1
G7642	0	0	0	0	1	0
G7524	0	0	0	0	0	1
G6422	0	1	0	0	1	0
G7432	0	0	0	0	0	1
EG10202	1	0	0	1	1	0
G7260	0	1	0	0	0	1
G7147	1	0	0	1	1	0
G7068	0	0	0	0	1	1
EG12015	0	0	0	0	1	0
G6988	0	0	0	1	1	0
EG10621	1	1	0	1	1	0
G6870	0	0	0	0	0	1
EG10013	0	0	0	0	1	0
G6672	0	0	0	0	1	1
G6904	1	0	0	1	1	0
G6507	0	0	0	0	0	1
EG10606	1	1	0	1	1	0
G6423	0	1	0	0	0	1
G6571	0	1	0	0	1	0
G6269	0	0	0	1	1	0
EG11358	1	0	0	1	1	0
G6098	0	1	0	0	0	1
EG10580	0	0	0	0	1	0
EG11204	1	1	0	1	1	0
EG10341	1	1	0	1	1	0
G0-10443	0	0	0	0	0	1
G7668	1	0	0	1	1	0
EG12410	0	0	0	1	1	0
G6439	1	1	0	1	1	0
EG12263	0	0	0	0	1	0
EG10748	1	0	0	1	1	0
EG12005	0	1	0	0	0	1
EG10203	1	1	0	1	1	0
EG11894	0	0	0	0	0	1
G7322	1	0	0	1	1	0
EG11719	0	0	0	0	0	1
EG12166	0	0	0	0	1	1
EG11522	0	0	0	0	0	1
EG10622	1	1	0	1	1	0
EG11293	0	0	0	0	1	0
EG10040	0	1	0	1	1	0
EG11174	0	0	0	0	1	1
G6968	0	1	0	0	1	0
G7728	0	0	0	0	1	1
EG11823	0	1	0	1	1	0
EG11110	0	1	0	0	1	0
EG10619	1	1	0	1	1	0
G7615	0	1	0	0	0	1
EG11363	0	1	0	1	1	0
EG10083	0	1	0	0	0	1
EG10604	1	1	0	1	1	0
G7498	0	0	0	0	1	1
EG11205	1	0	0	1	1	0
G7400	0	1	0	0	0	1
G6474	0	0	0	0	1	1
G7214	0	1	0	0	0	1
EG10213	1	1	0	1	1	0
G7048	0	0	0	0	1	1
G7458	0	1	0	1	1	0
G6980	0	0	0	1	1	0
G6092	1	0	0	1	1	0
EG12028	0	0	0	0	1	1
EG10623	1	1	0	1	1	0
EG11770	0	0	0	0	0	0
EG10201	1	0	0	1	1	0
G7890	0	0	0	0	0	1
G7073	0	0	0	0	1	0
EG11520	0	0	0	0	0	1
EG11893	1	0	0	1	1	0
G7718	0	0	0	0	1	1
EG10620	1	1	0	1	1	0
G7566	0	1	0	0	0	1
EG11885	0	0	0	0	1	0
G7483	0	0	0	0	1	0
G6552	0	0	0	0	1	0
G7407	0	0	0	0	1	1
G7800	1	1	0	1	1	0
G7215	0	0	0	0	0	1
EG11458	1	1	0	1	1	0
G7075	0	0	0	0	0	0
EG11451	1	1	0	1	1	0
G6960	0	0	0	0	1	1
EG10840	1	1	0	1	1	0
G6883	0	0	0	0	0	1
EG11456	1	1	0	1	1	0
G6736	0	1	0	0	0	1
EG11452	1	1	0	1	1	0
G6607	0	1	0	0	1	1
EG11457	0	1	0	0	1	0
G6446	0	0	0	0	0	1
EG11295	0	1	0	0	1	0
G6184	0	0	0	0	0	1
G7241	1	0	0	1	1	0
G0-8900	0	0	0	0	0	1
G7167	1	1	0	1	1	0
EG12180	0	1	0	1	1	0
EG11147	0	1	0	0	0	1
EG10546	1	0	0	1	1	0
EG10464	1	1	0	1	1	0
G7168	1	1	0	1	1	0
EG12666	1	1	0	1	1	0
G0-10616	0	0	0	0	0	1
EG10614	1	0	0	1	1	0
G0-10512	0	1	0	0	0	1
EG10265	1	1	0	1	1	0
EG12689	0	0	0	0	1	1
G7170	1	1	0	1	1	0
EG12271	0	1	0	0	0	1
G7166	1	1	0	1	1	0
EG12004	0	0	0	0	0	1
EG10545	1	1	0	1	1	0
EG11760	0	0	0	0	0	1
EG10316	1	1	0	1	1	0
G7880	0	1	0	0	1	0
G7590	1	0	0	1	1	0
EG11462	0	0	0	0	0	1
EG12267	0	1	0	1	1	0
G7687	0	1	0	0	0	1
EG10519	1	0	0	1	1	0
G7541	0	1	0	0	0	1
EG11426	0	1	0	1	1	0
G7473	0	0	0	0	0	1
EG11409	1	0	0	1	1	0
G7343	0	0	0	0	0	1
EG11340	1	0	0	1	1	0
G7182	0	0	0	0	0	1
G7662	1	0	0	1	1	0
G7050	0	1	0	0	0	1
EG10973	1	1	0	1	1	0
G6947	0	0	0	0	0	1
G6106	1	1	0	1	1	0
G6815	0	1	0	0	0	1
EG10520	1	1	0	1	1	0
G6704	0	0	0	0	0	1
EG11736	1	0	0	1	1	0
G6601	0	1	0	0	0	1
EG11423	1	0	0	1	1	0
G6402	0	0	0	0	1	1
EG11341	1	0	0	1	1	0
G6176	0	1	0	0	0	1
EG11189	1	0	0	1	1	0
G7165	0	0	0	0	1	1
EG10838	1	1	0	1	1	0
EG11093	0	1	0	0	0	1
EG12210	1	1	0	1	1	0
EG10518	1	1	0	1	1	0
EG11425	1	1	0	1	1	0
EG11350	0	0	0	1	1	0
G0-10605	0	0	0	0	0	0
EG11339	1	1	0	1	1	0
G0-10464	0	0	0	0	0	1
EG11982	0	0	0	0	1	0
EG12557	0	1	0	0	1	1
EG11979	1	1	0	1	1	0
EG12254	0	1	0	0	1	1
EG11454	1	1	0	1	1	0
EG11985	0	0	0	0	1	1
EG10382	1	1	0	1	1	0
EG11697	0	0	0	0	0	1
G7090	0	0	0	0	1	0
G7847	0	0	0	0	0	1
EG11983	0	0	0	1	1	0
EG11342	0	1	0	0	0	1
EG11980	0	0	1	0	1	0
G7669	0	1	0	0	0	1
EG11553	1	0	0	1	1	0
G7536	0	0	0	0	1	0
EG11198	1	1	0	1	1	0
G7462	0	0	0	0	1	1
EG12411	1	0	0	1	1	0
G7328	0	0	0	0	0	1
EG11981	1	0	0	1	1	0
G7178	0	1	0	0	1	1
EG11978	1	0	0	1	1	0
G7036	0	0	0	0	0	1
G7101	0	0	0	0	1	1
G6931	0	1	0	0	0	1
G7098	0	0	0	1	1	0
G6792	0	1	0	0	1	1
G7094	0	0	0	0	1	1
G6663	0	1	0	0	1	1
G7239	0	0	0	0	1	1
G6536	0	0	0	0	0	1
EG11789	0	0	0	1	1	0
G6335	0	1	0	0	0	1
G7105	0	1	0	1	1	0
G6118	0	1	0	0	1	1
G7102	0	0	0	1	1	1
EG10820	0	1	0	0	1	0
G7099	0	1	0	1	1	1
EG10848	0	0	0	0	0	1
G7095	0	0	0	0	1	1
EG11790	0	0	0	1	1	1
G7106	0	1	0	1	1	0
G7103	0	1	0	1	1	1
G0-10596	0	0	0	0	0	1
EG10821	1	1	0	0	1	0
G0-10456	0	0	0	0	1	0
G7100	0	1	0	1	1	1
EG12405	0	1	0	0	0	1
G7096	0	0	0	0	1	1
EG12214	0	0	0	0	0	1
EG10162	1	0	0	1	1	0
EG11928	0	1	0	0	0	1
G7091	1	1	0	1	1	0
G7954	0	1	0	0	0	1
G7107	0	1	0	0	1	0
EG11677	0	0	0	0	1	1
EG11788	1	0	0	1	1	0
G7802	0	0	0	0	0	1
G7104	0	1	0	0	1	1
G7645	0	1	0	0	0	1
EG10822	1	0	0	1	1	0
G7522	0	0	0	0	0	1
G6343	1	1	0	1	1	0
G7448	0	0	0	0	0	1
EG11095	1	0	0	1	1	0
G7307	0	1	0	0	0	1
EG50003	1	1	0	0	1	0
G7144	0	0	0	0	0	1
EG10275	0	1	0	0	1	0
G7010	0	0	0	0	0	1
EG10417	1	1	0	1	1	0
G6911	0	0	0	0	0	1
EG12294	1	0	0	1	1	0
G6772	0	0	0	0	0	0
EG11031	1	1	0	0	1	0
G6640	0	1	0	0	0	1
EG12688	1	0	0	1	0	0
G6510	0	0	0	0	1	1
EG11887	1	1	0	0	0	0
G6231	0	1	0	0	0	0
G7401	1	1	0	0	1	0
G6101	0	0	0	0	0	1
EG12181	0	1	0	0	1	0
EG12169	0	1	1	0	1	0
EG12055	0	1	1	0	1	0
EG10216	0	1	0	0	0	1
EG12052	0	1	0	0	1	0
EG12178	1	0	0	0	1	0
EG12057	0	1	1	0	1	0
G0-10654	0	1	0	0	0	1
EG12053	0	1	0	0	1	0
G0-10590	0	0	0	0	0	1
G6554	0	0	0	0	1	1
G0-10432	0	0	0	0	0	1
EG12058	0	1	1	0	1	0
EG12372	0	0	0	0	1	0
EG12054	0	1	0	0	1	0
EG12182	0	0	0	0	0	1
G6544	0	1	0	0	1	0
EG11833	0	0	0	0	0	1
G6548	0	1	0	0	0	1
G7937	0	0	0	0	0	1
EG10839	0	1	0	0	1	0
EG11580	0	1	0	0	1	1
EG11489	0	1	0	0	1	0
G7752	0	1	0	0	0	0
EG11975	0	1	0	0	1	0
G7606	0	0	0	0	0	1
G378	0	1	0	0	1	0
G7505	0	0	0	0	0	1
EG11654	0	1	0	0	1	0
G7440	0	1	0	0	1	1
G365	0	1	0	0	1	0
G7256	0	0	0	0	0	1
EG11388	0	1	0	0	1	1
G7131	0	0	0	0	0	1
G362	0	1	0	0	1	0
G6982	0	1	0	0	0	1
EG10324	0	1	0	0	1	0
G6899	0	1	0	0	0	1
G359	0	1	0	0	1	0
G6757	0	1	0	0	0	1
EG10320	0	1	0	0	1	0
G6625	0	1	0	0	0	1
G379	0	1	0	0	1	1
G6459	0	0	0	0	1	1
EG11656	0	1	0	0	1	0
G6214	0	0	0	0	0	0
G366	0	1	0	0	1	1
G6087	0	0	0	0	1	1
EG11389	0	1	0	0	1	1
G363	0	1	0	0	1	0
EG11209	0	1	0	0	1	1
EG10841	0	1	0	0	1	0
G360	0	1	0	0	1	1
EG10321	0	1	0	0	0	0
G357	0	1	0	0	1	1
G0-10646	0	0	0	0	0	1
G6562	0	1	0	0	1	1
G0-10585	0	0	0	0	0	1
EG11967	0	0	0	0	1	0
EG12861	0	1	0	0	0	1
G370	0	1	0	0	1	0
EG12303	0	0	0	0	1	1
EG11545	0	0	0	0	1	0
EG12120	0	0	0	0	1	1
G364	0	1	0	0	1	0
EG12035	0	1	0	0	1	1
EG11224	0	1	0	0	1	0
EG11786	0	1	0	0	1	1
G361	0	1	0	0	1	0
G7922	0	1	0	0	0	1
EG10323	0	1	0	0	1	0
EG11521	0	1	0	0	1	1
G358	0	1	0	0	1	0
G7722	0	1	0	0	0	1
EG10319	0	1	0	0	1	0
G7580	0	1	0	0	0	1
EG10315	0	1	0	0	1	0
G7489	0	1	0	0	1	1
EG11976	0	1	0	0	1	0
G7420	0	0	0	0	1	1
G6547	0	1	0	0	1	0
G7217	0	1	0	0	1	1
EG10168	1	0	0	1	1	0
G7089	0	1	0	0	0	1
G6250	0	0	0	0	0	1
G6961	0	0	0	0	0	1
G6551	1	0	0	1	1	0
G6887	0	0	0	0	0	1
EG10704	1	0	0	1	1	0
G6741	0	1	0	0	0	1
EG12591	0	0	0	1	1	0
G6611	0	0	0	0	0	1
EG11608	1	0	0	1	1	0
G6448	0	0	0	0	0	1
EG10775	1	1	0	1	1	0
G6185	0	0	0	0	1	1
EG10705	1	0	0	1	1	0
G0-9081	0	0	0	0	0	1
G0-9662	0	0	0	0	0	1
EG11674	0	0	0	0	1	1
EG11152	0	1	0	0	0	1
EG11437	0	0	0	0	1	1
EG10781	1	0	0	1	1	0
EG10706	1	0	0	1	1	0
G6406	1	0	0	1	1	0
G0-10641	0	1	0	0	0	1
EG12128	1	0	0	1	1	0
G0-10513	0	1	0	0	0	1
EG11371	1	1	0	1	1	0
EG12692	0	0	0	0	0	0
EG10740	1	0	0	1	1	0
EG12277	0	0	0	0	1	1
EG11679	0	0	0	0	1	0
EG12023	0	0	0	0	0	1
EG10274	1	1	0	1	1	0
EG11765	0	0	0	0	0	1
EG11528	1	1	0	1	1	0
G7884	0	0	0	0	0	1
EG10224	0	1	0	1	1	0
EG11484	0	0	0	0	1	1
EG11318	1	1	0	1	1	0
G7694	0	0	0	0	0	1
EG10043	0	1	0	1	1	0
G7543	0	1	0	0	0	1
EG11208	0	0	0	0	0	1
G7476	0	0	0	0	0	0
G6823	0	0	0	0	0	1
G7355	0	0	0	0	1	1
EG10396	0	1	1	0	1	0
G7191	0	0	0	0	0	1
EG12221	1	0	0	1	1	0
G7051	0	0	0	0	1	1
EG10276	1	1	0	1	1	0
G6953	0	1	0	0	1	1
EG11531	1	1	0	1	1	0
G6816	0	1	0	0	1	1
EG10247	1	0	0	1	1	0
G6729	0	1	0	0	0	1
EG11377	1	0	0	1	1	0
G6604	0	1	0	0	1	1
EG10139	1	0	0	1	1	0
G6408	0	1	0	0	0	1
EG11284	1	1	0	1	1	0
G6177	0	0	0	0	1	1
EG12606	1	0	0	1	1	0
G0-8887	0	0	0	0	0	1
EG10277	1	1	0	1	1	0
EG11647	1	1	0	1	1	0
EG11119	0	0	0	0	1	1
EG10273	1	1	0	1	1	0
EG10217	1	1	0	1	1	0
EG11317	1	1	0	1	1	0
EG11322	1	1	0	1	1	0
G0-10607	0	0	0	0	0	1
EG11079	1	0	0	1	1	0
G0-10468	0	1	0	0	0	1
EG11331	1	1	0	1	1	0
EG12610	0	0	0	0	0	1
EG11202	1	0	0	1	1	0
EG12264	0	0	0	0	1	0
EG11406	1	0	0	1	1	0
EG11992	0	1	0	0	0	1
EG11321	1	0	0	1	1	0
EG11726	0	1	0	0	0	1
EG10465	1	0	0	1	1	0
G7862	0	1	0	0	0	1
G6442	1	1	0	1	1	0
EG11395	0	0	0	0	0	1
EG11586	1	0	0	1	1	0
G7670	0	1	0	0	1	1
EG11573	0	1	1	0	1	0
G7537	0	0	0	0	1	0
G7135	1	0	0	1	1	0
G7464	0	1	0	0	1	0
G6238	1	0	0	1	1	0
G7329	0	1	0	0	1	1
G1	1	0	0	0	1	0
G7179	0	0	0	0	0	1
EG11587	1	0	0	1	1	0
G7043	0	0	0	0	0	0
EG11574	0	1	1	0	1	0
G6935	0	0	0	0	0	1
M007	1	0	0	1	1	0
G6795	0	0	0	0	1	0
G6246	0	0	0	1	1	0
G6702	0	1	0	0	1	1
G6234	1	1	0	1	1	0
G6563	0	0	0	0	0	1
EG11589	1	0	0	1	1	0
G6374	0	0	0	0	0	1
EG11585	1	1	0	1	1	0
G6159	0	0	0	0	0	1
EG11572	0	1	1	0	1	0
G6566	0	0	0	1	1	0
EG11590	1	0	0	1	1	0
EG11059	0	0	0	0	1	1
G7409	1	0	0	1	1	0
EG12192	1	0	0	1	1	0
EG11453	1	1	0	1	1	0
G0-10601	0	0	0	0	0	1
EG10742	1	1	0	1	1	0
G0-10461	0	0	0	0	0	0
EG10630	1	1	0	1	1	0
EG12434	0	1	0	0	0	1
EG12412	1	1	0	1	1	0
EG12227	0	0	0	0	0	0
EG11546	1	1	0	1	1	0
EG11930	0	0	0	0	0	1
EG11135	1	0	0	1	1	0
EG11683	0	0	0	0	0	1
EG10631	1	1	0	1	1	0
G7804	0	1	0	0	0	1
G6350	1	1	0	1	1	0
EG11290	0	1	0	0	0	1
EG11787	1	0	0	1	1	0
G7646	0	0	0	0	0	1
EG11335	1	0	0	1	1	0
G7523	0	0	0	0	0	1
EG11487	1	0	0	1	1	0
G7453	0	0	0	0	0	1
EG12693	0	0	0	1	1	0
G7315	0	1	0	0	1	1
EG10691	1	1	0	1	1	0
G7153	0	0	0	0	0	1
G0-9461	1	0	0	1	1	0
G7019	0	0	0	0	0	1
EG10693	1	0	0	1	1	0
G6913	0	0	0	0	1	1
EG11190	1	0	0	1	1	0
G6773	0	0	0	0	1	0
EG12312	1	0	0	1	1	0
G6642	0	1	0	0	0	1
EG11675	1	0	0	1	1	0
G6512	0	0	0	0	0	1
EG10685	0	0	1	0	1	0
G6253	0	0	0	0	0	1
G6239	1	0	0	1	1	0
G6107	0	0	0	0	1	1
EG11746	1	0	0	1	1	0
EG10922	1	0	0	1	1	0
EG10004	1	0	0	1	1	0
EG10434	0	0	0	0	1	1
EG11747	1	0	0	1	1	0
EG11511	1	0	0	1	1	0
EG10152	0	1	1	0	1	0
G0-10656	0	0	0	0	0	1
G6395	0	0	0	0	1	0
G0-10591	0	1	0	0	0	1
EG11598	1	1	0	1	1	0
G0-10444	0	0	0	0	0	0
EG11595	1	1	0	1	1	0
EG12378	0	1	0	0	0	1
EG10153	1	1	0	1	1	0
EG12196	0	0	0	0	0	1
G7496	1	0	0	1	1	0
EG11853	0	0	0	0	1	1
EG12216	1	0	0	1	1	0
G7938	0	0	0	0	0	0
EG11666	1	1	0	1	1	0
EG11605	0	1	0	0	0	1
EG11596	0	1	0	0	1	0
G7753	0	0	0	0	0	1
EG10154	1	1	0	1	1	0
G7621	0	1	0	0	0	1
EG12427	0	1	1	0	1	0
G7512	0	0	0	0	1	1
EG11829	1	1	0	1	1	0
G7442	0	1	0	0	1	1
EG11597	1	1	0	1	1	0
G7268	0	0	0	0	0	1
EG11306	1	1	0	1	1	0
G7132	0	0	0	0	1	1
EG11591	1	0	0	1	1	0
G6990	0	0	0	0	0	1
EG11796	1	0	0	1	1	0
G6901	0	1	0	0	1	1
EG10328	1	0	0	1	1	0
G6765	0	0	0	0	0	1
EG11673	1	0	0	1	1	0
G6631	0	0	0	0	0	1
EG11374	1	0	0	1	1	0
G6495	0	0	0	0	1	1
EG10682	1	0	0	1	1	0
G6228	0	1	0	0	0	1
EG10326	1	1	0	1	1	0
G6095	0	0	0	0	0	1
EG50011	1	0	0	1	1	0
EG11375	1	1	0	1	1	0
EG11219	0	0	0	0	0	1
EG10683	1	1	0	1	1	0
EG10327	1	0	0	1	1	0
EG10047	0	1	0	0	0	1
G6862	1	0	0	1	1	0
EG11493	1	1	0	1	1	0
EG11138	1	0	0	1	1	0
G0-10650	0	0	0	0	0	1
EG11105	0	1	0	1	1	0
G0-10588	0	1	0	0	0	1
EG10262	1	1	0	1	1	0
EG12870	0	1	0	0	0	1
EG10259	1	1	0	1	1	0
EG12326	0	0	0	0	1	1
EG10263	1	1	0	1	1	0
EG12122	0	0	0	0	1	1
EG10260	1	1	0	1	1	0
EG11812	0	0	0	0	0	1
EG10264	1	1	0	1	1	0
G7926	0	0	0	0	0	1
EG10261	1	1	0	1	1	0
EG11523	0	1	0	0	0	1
EG10127	0	0	1	0	1	0
G7730	0	0	0	0	0	1
EG12151	1	1	0	1	1	0
G7588	0	0	0	0	1	1
EG10128	0	0	1	0	1	0
G7491	0	0	0	0	1	1
EG13238	1	1	0	1	1	0
G7433	0	1	0	0	1	1
EG10130	1	0	0	1	1	0
G7240	0	0	0	0	0	1
G6349	1	0	0	1	1	1
G7110	0	0	0	0	0	1
EG12150	1	0	0	1	1	0
G6963	0	0	0	0	0	1
EG12059	0	1	1	0	1	0
G6896	0	1	0	0	0	1
EG11543	1	0	0	1	1	0
G6743	0	0	0	0	1	0
EG10431	1	1	0	1	1	0
G6614	0	1	0	0	0	1
EG10428	1	1	0	1	1	0
G6450	0	1	0	0	0	1
EG10188	1	1	0	1	1	0
G6189	0	0	0	0	0	1
EG12189	1	1	0	1	1	0
G0-9981	0	1	0	0	1	1
EG11688	0	0	0	0	0	1
EG10432	1	1	0	1	1	0
EG11154	0	1	0	0	0	1
EG10429	1	0	0	1	1	0
EG10407	1	1	0	1	1	0
G7018	0	1	1	0	1	0
EG11836	1	1	0	1	1	0
G0-10642	0	1	0	0	0	1
EG11485	1	0	0	1	1	0
G0-10550	0	0	0	0	0	1
EG10430	1	0	0	1	1	0
EG12703	0	1	0	0	0	1
EG10427	1	1	0	1	1	0
EG12288	0	0	0	0	1	1
G7653	0	0	0	0	1	1
EG12036	0	1	0	0	1	1
EG10370	1	0	0	1	1	0
EG12027	0	1	0	0	0	1
G7582	0	0	0	0	1	1
EG11769	0	1	0	0	0	1
EG11396	1	0	0	1	1	0
G7886	0	1	0	0	0	1
G6912	1	0	0	1	1	0
EG11509	0	0	0	0	0	1
EG12715	1	0	0	1	1	0
G7695	0	1	0	0	0	1
EG11294	1	0	0	1	1	0
G7552	0	1	0	0	1	1
EG10508	1	0	0	1	1	0
G7479	0	0	0	0	0	0
G7651	0	1	0	0	1	1
G7385	0	0	0	0	0	0
G7423	1	1	0	1	1	0
G7196	0	0	0	0	0	1
EG11369	1	1	0	1	1	0
G7062	0	1	0	0	1	1
G6237	1	0	0	1	1	0
G6959	0	0	0	0	1	1
EG11081	1	0	0	1	1	0
G6856	0	0	0	0	1	1
EG11816	1	0	0	1	1	0
G6730	0	1	0	0	1	1
G7652	0	1	0	0	1	1
G6605	0	1	0	0	1	1
EG11474	0	0	0	0	1	1
G6441	0	0	0	0	0	1
EG10017	1	1	0	1	1	0
G6182	0	0	0	0	0	1
G7508	1	0	0	1	1	0
G0-8888	0	0	0	0	0	1
G6365	1	0	0	1	1	0
EG11333	1	0	0	1	1	0
EG11145	0	0	0	0	0	1
EG12438	1	0	0	1	1	0
EG10418	1	0	0	1	1	0
EG10419	1	0	0	1	1	0
EG10121	1	1	0	1	1	0
G0-10608	0	0	0	0	0	1
EG10118	1	1	0	1	1	0
G0-10474	0	1	0	0	0	1
EG11199	0	1	0	0	1	0
EG12611	0	1	0	0	0	1
EG10122	1	0	0	1	1	0
EG12265	0	0	0	1	1	0
EG10119	1	1	0	1	1	0
EG12003	0	0	0	0	0	0
G6851	0	1	0	0	1	1
EG11759	0	0	0	0	0	1
EG10123	1	0	0	1	1	0
G7879	0	1	0	0	1	1
EG10120	1	1	0	1	1	0
EG11429	0	0	0	0	1	1
EG10117	1	1	0	1	1	0
G7673	0	0	0	0	1	1
EG11265	1	0	0	1	1	0
G7538	0	1	0	0	1	1
EG10634	1	1	0	1	1	0
G7469	0	1	0	0	0	1
EG10805	1	1	0	1	1	0
G7339	0	0	0	0	0	1
EG10810	1	0	0	1	1	0
G7181	0	1	0	0	0	1
EG10774	1	1	0	1	1	0
G7045	0	0	0	0	0	1
EG10965	1	1	0	1	1	0
G6946	0	0	0	0	0	1
EG10032	1	0	0	1	1	0
G6796	0	0	0	0	0	0
EG11819	0	0	0	1	1	0
G6703	0	0	0	0	0	1
EG10650	1	1	0	1	1	0
G6578	0	0	0	0	0	1
EG10811	1	1	0	1	1	0
G6401	0	0	0	0	1	1
EG10807	1	1	0	1	1	0
G6166	0	1	0	0	0	1
G7185	0	1	0	1	1	0
EG11279	0	1	0	0	1	0
EG10808	1	0	0	1	1	0
EG11089	0	0	0	0	0	1
EG11646	1	1	0	1	1	1
EG10809	1	0	0	1	1	0
EG10806	1	1	0	1	1	0
EG10794	1	1	0	1	1	0
G0-10603	0	0	0	0	0	1
EG10791	1	1	0	1	1	0
G0-10463	0	0	0	0	0	1
EG10420	1	1	0	1	1	0
EG12446	0	1	0	0	0	1
EG11314	1	1	0	1	1	0
EG12229	0	0	0	0	0	1
EG10798	1	1	0	1	1	0
EG11984	0	0	0	0	1	1
EG10795	1	1	0	1	1	0
EG11694	0	0	0	0	0	1
EG10792	1	1	0	1	1	0
G7829	0	0	0	0	0	1
EG10421	1	1	0	1	1	0
EG11312	0	0	0	0	1	1
EG11809	1	1	0	1	1	0
G7654	0	1	0	0	0	1
EG10799	1	1	0	1	1	0
G7527	0	0	0	0	0	0
EG10796	1	1	0	1	1	0
G7460	0	0	0	0	0	1
EG10793	1	1	0	1	1	0
G7318	0	0	0	0	1	1
EG10790	1	1	0	1	1	0
G7174	0	0	0	0	1	1
EG10797	1	1	0	1	1	0
G7026	0	1	0	0	0	1
EG10588	0	1	0	0	1	0
G6930	0	0	0	0	1	1
EG10583	1	1	0	1	1	0
G6785	0	0	0	0	1	1
EG10124	0	1	0	0	1	0
G6659	0	1	0	0	0	1
EG10591	0	1	0	0	1	0
G6513	0	1	0	0	0	1
EG10584	1	1	0	1	1	0
G6288	0	0	0	0	0	1
EG10581	1	1	0	1	1	0
G6111	0	0	0	0	1	1
G6135	0	0	1	0	1	0
EG10587	1	1	0	1	1	0
G6136	0	0	0	1	1	0
EG10712	0	0	0	0	0	1
EG10991	0	1	1	0	1	0
EG11468	0	0	1	0	1	0
EG10999	1	0	0	1	1	0
EG11000	1	0	0	1	1	0
G0-10595	0	0	0	0	0	1
G0-9605	0	0	0	0	0	1
EG10551	0	1	0	0	1	0
G0-10446	0	1	0	0	0	0
G7358	0	0	0	0	1	0
EG10209	1	0	0	1	1	0
EG12404	0	0	0	0	0	1
G0-9041	0	0	0	0	1	0
EG10206	1	1	0	1	1	0
EG12213	0	0	0	0	0	1
G6109	0	1	0	0	1	0
EG10549	1	1	0	1	1	0
EG11875	0	0	0	0	0	1
EG10373	0	0	0	0	0	1
EG10207	1	1	0	1	1	0
G7952	0	0	0	0	0	1
G0-9607	0	0	0	0	0	1
EG10208	1	0	0	1	1	0
EG11664	0	1	0	0	0	1
G0-9563	0	0	0	0	0	0
EG10205	1	0	0	1	1	0
G7763	0	1	0	0	0	1
G6110	0	1	0	0	1	0
EG11337	0	1	1	0	1	0
G7626	0	1	0	0	1	1
G0-9610	0	0	0	0	1	0
EG10091	1	1	0	1	1	0
G7514	0	0	0	0	0	1
G0-9602	0	0	0	0	1	1
G6764	0	1	1	0	1	1
G7444	0	0	0	0	0	1
G6619	0	1	0	0	1	0
EG10093	0	1	0	0	1	0
G7269	0	0	0	0	0	1
G0-9613	0	0	0	0	0	1
EG10095	1	1	0	1	1	0
G7134	0	0	0	0	1	1
G7172	0	0	0	0	1	1
EG10767	1	0	0	1	1	0
G7009	0	0	0	0	0	1
EG12867	1	0	0	1	1	0
EG10768	1	0	0	1	1	0
G6902	0	1	0	0	0	1
EG11884	0	1	0	1	1	0
EG10769	1	0	0	1	1	0
G6766	0	0	0	0	0	1
EG11158	1	1	0	1	1	0
EG11223	1	1	0	1	1	0
G6636	0	0	0	0	0	1
G7578	0	1	0	0	0	0
EG10072	0	1	1	0	1	0
G6499	0	1	0	0	0	1
G6183	0	0	0	0	1	1
EG10068	1	1	0	1	1	0
G6229	0	1	0	0	0	1
G7587	0	0	0	0	1	1
EG10065	1	1	0	1	1	0
G6100	0	0	0	0	0	1
G6382	0	0	0	1	1	1
EG11286	1	1	0	1	1	0
EG12026	1	0	0	1	1	0
EG10134	1	1	0	1	1	0
G6208	1	1	0	1	1	0
EG10069	1	1	0	1	1	0
EG10145	0	1	0	0	0	1
EG11852	0	0	0	0	1	0
EG10066	1	1	0	1	1	0
G6155	0	0	0	1	1	0
EG11628	0	1	1	0	1	0
EG11723	0	0	0	1	1	0
EG10063	1	1	0	1	1	0
G0-10653	0	1	0	0	0	1
EG10509	1	1	0	1	1	0
EG11624	0	1	1	0	1	0
G0-10589	0	0	0	0	0	1
G6886	1	0	0	1	1	0
EG10135	1	1	0	1	1	0
EG13217	0	0	0	0	0	1
EG11579	0	0	0	1	1	1
EG10070	0	1	0	0	1	0
EG12333	0	0	0	0	0	1
EG10108	0	0	0	0	1	0
EG10067	1	1	0	1	1	0
EG12138	0	1	0	0	1	1
EG11385	0	1	0	1	1	0
G6188	0	0	0	0	1	1
EG11820	0	0	0	0	0	1
G7622	1	1	0	1	1	1
EG10064	1	1	0	1	1	0
G7931	0	1	0	0	0	1
G6438	0	0	0	1	0	0
EG11626	0	1	1	0	1	0
EG11525	0	0	0	0	1	1
G7312	0	0	0	0	0	1
EG10998	1	1	0	1	1	0
G7735	0	1	0	0	0	1
G6380	0	0	0	1	0	1
EG10088	1	1	0	1	1	0
G7598	0	0	0	0	0	1
EG11870	0	1	0	0	1	1
EG10550	1	1	0	1	1	0
G7494	0	1	0	0	0	1
EG10953	1	1	0	1	1	0
EG10590	1	1	0	1	1	0
G7439	0	0	0	0	1	1
G6156	0	0	0	1	1	0
G7067	0	1	1	0	1	0
G7252	0	0	0	0	0	1
EG11758	0	0	0	1	1	0
EG10081	1	1	0	1	1	0
G7122	0	1	0	0	0	1
EG10511	1	1	0	1	1	0
EG10076	1	1	0	1	1	0
G6974	0	0	0	0	0	1
G7758	0	1	0	0	0	0
EG10073	1	1	0	1	1	0
G6898	0	1	0	0	1	1
G6487	0	0	0	0	1	1
EG10082	1	1	0	1	1	0
G6747	0	0	0	0	0	1
EG11310	0	1	0	0	0	1
EG10077	1	1	0	1	1	0
G6617	0	0	0	0	0	1
G7558	1	0	0	1	1	0
EG10074	1	1	0	1	1	0
G6453	0	1	0	0	0	1
G6381	0	0	0	1	0	1
EG11234	0	1	0	1	0	0
G6192	0	0	0	0	0	1
EG10954	1	1	0	1	1	0
EG10078	1	1	0	1	1	0
G372	0	1	0	0	0	1
G7139	0	1	0	0	1	0
EG10075	1	0	0	1	1	0
G6157	0	0	0	1	1	0
EG10385	1	1	0	0	1	0
EG11165	0	1	0	0	0	1
G6932	0	1	0	1	1	0
EG10389	0	1	1	0	1	0
EG12600	0	0	0	1	1	0
EG10386	0	1	1	0	1	0
G6878	0	0	0	1	1	0
EG10383	1	1	0	1	1	0
EG12237	1	1	0	1	1	0
EG11411	1	1	0	0	1	0
G0-10644	0	0	0	0	0	1
G6660	0	1	0	0	1	0
EG10387	1	1	0	0	1	0
G0-10559	0	0	0	0	0	1
EG11384	0	1	0	1	1	0
EG10384	1	1	0	0	1	0
EG12707	0	0	0	0	0	1
EG10572	1	1	0	1	1	0
EG11625	0	1	0	0	1	1
EG12295	0	1	0	0	0	1
EG10978	0	0	0	0	1	0
EG10388	0	1	1	0	1	0
EG12049	0	1	0	0	0	1
G6838	0	1	0	0	0	1
EG11576	1	1	0	1	1	0
G6839	0	1	0	0	1	1
EG11226	1	1	0	1	1	0
EG11890	0	1	0	0	0	0
EG10531	0	1	0	0	1	0
G7872	0	1	0	0	1	1
EG11577	1	1	0	1	1	0
G0-10437	0	1	0	0	1	0
EG11280	0	1	0	0	1	1
EG10921	0	1	0	1	1	0
EG11575	1	1	0	1	1	0
G7033	0	1	0	0	1	1
EG10540	0	1	1	0	1	0
G7593	0	1	0	1	1	0
EG10501	1	1	0	1	1	0
EG10113	0	1	0	1	1	0
EG11275	0	1	0	0	1	0
G7949	0	1	0	0	1	0
EG10494	1	1	0	1	1	0
G7729	0	0	0	0	0	1
G7521	0	0	0	0	1	1
EG10541	0	1	1	0	1	0
G6443	0	1	0	0	1	1
G7000	0	1	0	0	1	1
EG10502	1	1	0	1	1	0
G7709	0	1	0	0	1	1
EG11490	1	1	0	1	1	0
EG10499	1	1	0	1	1	0
G7190	0	1	0	0	1	1
G6158	0	1	0	0	1	1
EG10495	1	1	0	1	1	0
G6282	0	1	0	0	1	1
EG12228	0	1	0	0	1	1
EG10547	0	1	0	0	1	0
EG11599	0	1	0	0	1	1
EG10131	1	1	0	1	1	0
EG10538	0	1	1	0	1	0
G7706	0	1	0	0	1	1
G7607	0	0	0	0	1	1
EG10503	0	1	0	0	1	0
G7108	0	1	0	0	0	1
G7002	0	1	0	0	1	0
EG10500	1	1	0	1	1	0
G6178	0	0	0	0	0	1
EG11495	0	1	0	0	1	1
G7038	0	1	0	1	1	0
EG11215	0	0	0	0	1	1
EG11399	0	1	0	0	1	0
EG10496	1	1	0	1	1	0
G7703	0	1	0	0	1	1
EG11501	1	1	0	1	1	0
EG11270	0	1	0	0	1	0
G6984	0	1	1	0	1	0
G6855	0	1	0	0	1	0
EG10493	1	1	0	1	1	0
EG12173	0	1	0	0	1	1
EG11422	0	1	0	0	0	1
EG10539	0	1	1	0	1	0
EG10607	0	0	0	0	1	0
G6555	0	0	0	0	1	1
G7184	1	1	0	1	1	0
G7946	0	1	0	0	1	1
EG50009	1	1	0	1	1	0
EG10497	1	1	0	1	1	0
G6859	0	0	1	0	1	0
EG10679	0	1	0	0	1	1
G7242	1	1	0	1	1	0
EG11902	0	0	1	0	1	1
G7395	0	1	0	0	1	0
EG10001	1	0	0	1	1	0
G7745	0	1	0	0	0	1
G0-41	0	1	0	0	1	0
G7526	0	0	0	0	0	1
EG10680	0	1	0	0	1	0
EG10107	1	1	0	1	1	0
G6445	0	0	0	0	1	1
G7528	0	0	0	0	0	1
EG10449	1	0	0	1	1	0
EG11743	0	0	0	0	0	1
EG11391	0	1	0	0	1	0
EG10446	1	0	0	1	1	0
G7710	0	1	0	0	1	1
G0-9562	0	1	0	0	1	0
EG11269	0	1	0	0	1	1
G7233	0	1	1	0	1	1
G7743	0	0	0	0	1	0
EG10450	1	0	0	1	1	0
EG11636	0	1	1	0	1	0
EG10157	0	0	0	0	1	0
EG10447	1	0	0	1	1	0
G7707	0	1	0	0	1	1
G6511	0	0	0	0	1	1
EG10444	1	0	0	1	1	0
G7171	0	1	1	0	1	0
EG11592	0	0	0	0	1	1
EG10451	1	0	0	1	1	0
G6262	0	1	0	0	1	1
G7647	0	1	0	1	1	0
EG10448	1	0	0	1	1	0
EG11466	0	0	0	0	0	1
EG10129	0	1	0	1	1	0
EG10445	1	0	0	1	1	0
G7704	0	1	0	0	1	1
EG12177	0	0	0	0	1	0
EG11006	0	1	1	0	1	0
G6999	0	1	1	0	1	0
G7194	0	0	0	1	1	0
EG11274	0	1	0	0	1	0
EG12220	0	0	0	0	1	1
G7059	0	0	0	0	1	0
EG11027	1	1	0	1	1	0
G7701	0	1	0	0	0	1
EG11535	0	1	0	0	1	0
EG11024	1	1	0	1	1	0
G6885	0	0	0	0	1	1
G7683	0	1	0	0	1	1
EG10080	1	1	0	1	1	0
EG11977	0	1	0	0	1	0
EG11470	1	1	0	1	0	0
EG11028	1	1	0	1	1	0
G7867	0	0	0	0	0	1
G7532	0	0	0	0	1	1
EG11025	1	1	0	1	1	0
G7534	0	0	0	0	0	1
EG10011	0	0	0	0	1	1
EG10617	0	1	1	0	1	0
G6458	0	1	1	0	1	0
G6756	0	1	0	0	1	1
EG11029	0	1	0	0	1	0
EG11891	0	0	0	0	1	1
EG11206	0	0	0	0	1	1
EG11026	1	1	0	1	1	0
G7711	0	1	0	0	1	1
G7060	0	0	0	0	1	0
EG11041	0	1	1	0	1	0
G7251	0	0	0	0	1	1
EG11644	0	1	0	0	1	1
EG11040	1	1	0	1	1	0
G6431	0	0	1	0	1	0
EG12657	0	1	0	0	1	1
EG10707	1	0	0	1	1	0
EG11671	0	1	1	0	0	1
EG11533	0	1	0	0	1	1
EG10079	1	1	0	1	1	0
G7708	0	1	0	0	1	1
G7574	0	1	0	0	1	1
EG11271	0	0	0	0	0	0
G7186	0	0	0	0	1	1
EG11404	0	1	0	1	1	0
EG10084	0	1	1	0	1	0
G6267	0	0	0	0	1	1
G7193	0	0	0	1	1	0
EG11039	1	1	0	1	1	0
EG11536	0	0	0	0	1	1
G58	0	0	0	1	0	0
G7071	0	1	0	0	1	0
G7705	0	1	0	0	1	1
G7852	0	1	0	0	1	1
EG10187	1	1	0	1	1	0
EG12376	0	0	0	0	1	1
G7046	0	0	0	0	1	1
EG10192	1	1	0	1	1	0
EG11141	0	0	0	0	1	1
EG11534	0	1	0	0	1	0
EG10193	1	1	0	1	1	0
G7702	0	1	0	0	1	1
G7468	0	1	0	0	0	1
EG10184	0	1	0	0	1	0
EG12024	0	0	0	0	0	1
G6979	0	0	0	0	0	1
EG12142	0	1	1	0	1	0
G7929	0	0	0	0	0	1
G6633	0	1	0	0	0	1
EG10944	1	1	0	1	1	0
G7549	0	0	0	0	0	1
G6216	0	1	0	0	0	1
EG12732	0	1	1	0	1	0
G6572	0	0	0	0	0	1
EG12374	0	0	0	0	0	1
EG10945	1	1	0	1	1	0
EG11895	0	1	0	0	0	1
EG11749	0	0	0	0	1	1
EG10946	1	1	0	1	1	0
EG12392	0	0	1	0	1	0
G8202	0	0	0	0	0	1
G6455	1	0	0	1	1	0
EG11463	0	0	1	0	1	0
G7267	0	0	0	0	0	1
EG10406	0	0	1	0	1	0
G7138	0	1	1	0	1	0
G6938	0	0	0	0	1	1
EG10403	1	1	0	1	1	0
G0-10460	0	1	1	0	1	0
G6579	0	0	0	0	1	1
G6359	0	1	1	0	1	0
EG12101	0	1	0	0	1	0
G6081	0	1	0	0	0	1
EG12661	0	1	1	0	1	0
EG11471	0	0	1	0	0	0
EG12171	0	0	0	0	1	1
EG10404	1	1	0	1	1	0
G7874	0	0	0	0	1	0
EG11661	0	0	0	0	1	1
EG12662	0	1	1	0	1	0
G6464	0	1	0	0	1	0
G7838	0	0	0	0	0	1
EG10405	0	1	1	0	1	0
EG12102	0	1	1	0	1	0
G7200	0	0	0	0	0	1
EG10372	1	1	0	1	1	0
EG11167	0	0	1	0	1	0
G6900	0	1	0	0	0	1
EG12663	0	1	1	0	1	0
G7875	0	0	0	0	1	0
G6473	0	0	0	0	0	1
EG11492	0	0	0	1	0	0
EG10155	0	1	1	0	1	0
EG12868	0	1	0	0	0	1
EG10172	0	0	0	0	1	0
G7097	0	0	1	0	1	1
EG11999	0	0	0	0	0	1
EG12697	1	1	0	0	1	1
EG11019	0	0	0	0	1	0
EG11650	0	1	0	0	0	1
EG10334	0	0	0	1	1	0
G6461	0	1	1	0	1	0
G7667	0	1	0	0	0	1
G7413	0	1	0	0	1	0
G6545	0	1	1	0	1	0
G7152	0	1	0	0	0	1
EG11328	1	0	0	0	1	0
EG12240	0	1	1	0	1	0
G6843	0	0	0	0	0	1
EG12450	0	1	0	0	1	0
G6322	0	1	1	0	1	0
G6385	0	0	0	0	1	1
EG11379	0	1	0	0	1	0
EG12769	0	1	0	0	1	0
EG12842	0	1	0	0	1	1
EG10173	1	1	0	1	1	0
EG11863	0	0	0	0	1	1
EG11903	0	0	0	0	0	1
EG11380	0	1	0	0	1	0
EG12554	0	1	0	0	1	1
EG11464	0	0	0	0	0	1
EG10174	1	1	0	1	1	0
EG11710	0	0	0	0	1	0
G7604	0	0	0	0	1	1
G6849	0	1	0	0	1	0
G7635	0	1	0	0	1	0
G7015	0	1	0	0	1	1
EG11560	1	1	0	1	1	0
EG12322	0	0	0	0	1	1
G6738	0	0	0	0	0	1
EG11799	1	1	0	0	1	0
G7246	0	0	0	0	1	1
G6352	0	1	0	0	0	1
EG10318	1	1	0	0	1	0
EG12770	0	1	0	0	1	0
EG12443	0	0	0	0	1	1
EG12656	0	1	0	0	0	0
EG12556	0	1	0	0	1	1
EG11830	0	1	0	0	0	1
EG10257	1	1	0	1	1	0
EG11791	0	1	1	0	1	1
EG11155	0	1	0	0	0	1
EG12215	0	1	1	0	1	0
G7856	0	1	1	0	1	0
G7471	0	1	0	0	0	1
EG10104	1	0	1	0	1	0
EG12494	0	1	1	0	1	0
G6994	0	1	0	0	0	1
EG10101	1	0	1	0	1	0
G7632	0	1	0	0	1	0
G6641	0	0	0	0	0	1
EG10098	1	1	1	0	1	0
EG12766	0	1	0	0	0	0
G6325	0	0	0	0	0	1
G377	0	1	0	0	1	0
EG11792	0	1	1	0	1	0
EG12395	0	1	0	0	0	1
EG10105	1	1	1	0	1	0
EG12495	0	1	1	0	1	0
EG11763	0	0	0	0	0	1
EG10102	1	0	1	0	1	0
EG11709	0	0	0	0	1	1
EG11127	0	1	0	0	1	1
EG10099	1	0	1	0	1	0
G7633	0	1	0	0	1	0
G7295	0	0	0	0	0	1
EG10106	0	0	0	0	1	1
G7250	0	0	0	0	1	1
G6955	0	1	0	0	0	1
EG10103	1	0	1	0	1	0
G0-10241	0	1	0	0	1	1
G6612	0	0	0	0	0	1
EG10100	1	0	1	0	1	0
EG11908	0	0	0	0	1	1
G6191	0	0	0	0	0	1
EG11910	0	0	0	0	0	1
EG11096	0	0	0	0	1	0
EG12201	0	1	0	0	0	1
EG10647	1	0	0	1	1	0
EG10938	0	0	0	0	1	0
EG11695	0	0	0	0	0	1
EG10233	1	1	0	1	1	0
EG10766	0	0	0	0	1	0
G7861	0	1	0	0	0	1
G7827	1	1	0	1	1	0
EG12095	0	1	0	0	1	0
G7203	0	1	0	0	0	1
G6427	0	1	0	0	0	1
EG10939	0	0	0	0	1	0
G6928	0	1	0	0	0	1
EG12067	1	1	0	1	1	0
EG10936	0	0	0	0	1	0
G6498	0	1	0	0	0	1
EG11858	1	1	0	0	1	0
EG10940	0	0	0	0	1	0
G0-10583	0	0	0	0	1	1
EG11532	1	0	0	1	1	0
EG10937	0	1	0	0	1	0
EG12025	0	0	0	0	1	1
EG10644	1	0	0	1	1	0
EG12236	0	1	1	0	1	0
EG11659	0	0	0	0	0	1
G7907	0	0	0	0	0	0
G7308	0	1	0	0	1	0
G6421	0	0	0	0	1	1
G7719	0	0	0	0	0	1
EG12362	1	0	0	1	1	0
EG10513	0	1	1	0	1	0
G7156	0	0	0	0	0	1
EG12061	1	1	0	1	1	0
EG12525	0	1	1	0	1	0
G6844	0	1	0	0	0	1
G6692	0	0	0	0	0	0
EG11815	1	1	0	1	1	0
EG10514	0	1	1	0	1	0
G6424	0	1	0	0	0	1
EG11460	1	1	0	0	1	0
G0-10439	0	1	1	0	1	0
EG12857	0	0	0	0	0	1
EG10640	1	1	0	1	1	0
EG10515	0	1	1	0	1	0
EG11931	0	0	0	0	0	1
EG10393	1	1	0	1	1	0
G7665	0	0	1	0	1	0
EG11537	0	0	0	0	0	1
G7304	0	1	0	0	1	0
G7039	0	1	1	0	1	0
G7614	0	0	0	0	0	1
EG11950	0	1	0	0	1	1
G6803	0	1	1	0	1	0
G7025	0	0	0	0	0	1
EG11804	0	1	0	0	1	0
EG12075	0	1	1	0	1	0
G6809	0	0	0	0	0	1
EG11229	1	1	0	0	1	0
G6665	0	1	1	0	1	0
G6354	0	1	0	0	0	1
EG10579	1	0	0	1	1	0
G6430	0	0	1	0	1	0
EG12448	0	0	0	0	0	1
G7934	0	0	0	0	0	0
G7301	0	1	0	0	1	0
EG10294	0	1	1	0	1	0
EG11876	0	1	0	0	0	1
EG11947	1	1	0	1	1	1
G7342	0	0	0	0	1	1
EG11287	0	1	0	0	0	1
EG11800	1	1	0	0	1	0
G6949	0	0	0	0	1	1
G7555	0	0	0	0	1	1
EG11150	0	1	0	0	0	0
EG12124	0	1	1	0	1	0
G7001	0	0	0	0	0	1
EG10485	0	1	0	0	1	0
EG12012	0	0	1	0	1	0
G6668	0	1	0	0	0	1
G7022	0	0	0	0	1	0
EG10305	0	1	1	0	1	0
G6331	0	1	0	0	1	1
EG11911	0	0	0	0	1	1
G7570	0	0	0	0	1	0
EG12421	0	1	0	0	1	1
EG10648	1	0	0	1	1	0
EG12517	0	1	1	0	1	0
EG11793	0	0	0	0	0	1
EG10234	1	1	0	1	1	0
EG10773	0	1	1	0	1	0
EG11136	0	0	0	0	0	1
G6514	1	0	0	0	1	0
G7017	0	1	1	0	1	0
G7357	0	0	0	0	0	1
EG12068	0	1	0	0	1	1
EG12334	0	0	1	0	1	0
G6978	0	0	0	0	0	1
EG11859	0	1	0	0	1	0
EG10714	0	1	1	0	1	0
G6624	0	0	0	0	0	1
EG11551	0	1	0	1	1	0
G6781	0	1	0	0	1	1
G6194	0	0	0	0	1	1
EG10645	0	0	0	0	1	1
EG12037	0	0	1	0	1	1
EG12225	0	1	0	0	1	1
G7904	0	0	0	0	0	0
EG10028	0	0	0	0	1	0
EG10554	0	1	1	0	1	0
EG11696	0	0	0	0	1	1
G7554	1	1	0	0	1	0
G6648	0	1	0	0	1	1
G7870	0	0	0	0	0	1
EG12437	1	0	0	1	1	0
EG11504	0	1	1	0	1	0
G7261	0	1	0	0	0	1
EG12062	1	1	0	1	0	0
EG10287	0	1	1	0	1	0
G6929	0	0	0	0	1	1
EG11856	1	0	0	0	1	0
EG10676	0	1	1	0	1	0
G6549	0	0	0	0	1	1
EG10641	0	1	0	0	1	0
G6573	0	1	0	0	1	0
EG10400	0	1	0	0	0	0
EG12626	0	1	1	0	1	0
EG12119	0	0	0	0	0	1
G6130	0	0	0	0	0	0
G7305	0	1	0	0	1	0
EG12439	0	1	1	0	1	1
EG11660	0	0	0	0	0	1
EG11805	0	1	0	0	1	0
G7664	0	0	1	0	1	0
G7746	0	0	0	0	1	1
EG11282	0	1	0	0	1	0
G6410	0	1	1	0	1	0
G7180	0	1	0	0	0	1
EG10638	1	1	0	1	1	0
G6950	0	0	0	0	1	1
G6860	0	1	0	0	0	1
EG10391	1	1	0	1	1	0
EG12076	0	1	1	0	1	0
G6469	0	0	0	0	0	1
G7302	0	1	0	0	1	0
EG10298	0	1	1	0	1	0
EG12865	0	0	0	0	0	1
EG11948	0	1	0	0	1	1
G6780	0	1	0	0	1	1
EG11991	0	1	0	0	0	1
EG11801	1	1	0	0	1	0
EG12835	0	1	0	0	1	1
EG11607	0	0	0	0	0	1
EG11227	1	1	0	0	1	0
EG12040	0	0	1	0	1	1
G7643	0	0	0	0	0	1
EG10486	0	1	0	0	1	0
EG10288	0	1	1	0	1	0
G7035	0	1	0	0	0	1
G7023	0	0	0	0	1	0
G6753	0	1	0	0	1	1
G6841	0	1	0	0	0	1
EG11945	0	1	0	0	1	0
EG12009	0	0	1	0	1	0
G6371	0	1	0	0	0	1
EG11781	1	1	0	1	1	0
G6575	0	0	0	0	1	0
EG12605	0	1	0	0	0	1
EG10653	0	1	0	1	1	0
EG11737	0	1	1	0	1	0
EG11882	0	0	0	0	0	1
EG10284	0	0	0	0	1	1
EG10002	0	1	1	0	1	0
EG11323	0	0	0	0	0	1
G6515	0	1	0	0	1	0
G7889	0	0	1	0	1	0
G7577	0	1	0	0	0	1
EG11880	1	1	0	1	1	0
G6432	0	0	1	0	1	0
G7012	0	0	0	0	0	1
EG11552	0	1	0	0	1	1
EG12520	0	1	1	0	1	1
G6705	0	0	0	0	0	1
EG10646	1	1	0	0	1	0
EG12321	0	0	0	0	1	1
G6351	0	1	0	0	1	1
EG10232	1	1	0	1	1	0
G7037	0	0	1	0	1	0
EG12422	0	1	0	0	1	1
G7826	1	1	0	0	1	0
EG12077	0	1	1	0	1	0
EG11807	0	1	0	0	0	1
EG12615	1	1	0	0	1	0
EG10303	0	1	1	0	1	0
EG11142	0	0	0	0	0	1
EG12064	1	1	0	1	0	0
G6801	0	1	1	0	1	0
G0-10606	0	0	0	0	0	1
EG11857	1	0	0	0	1	0
EG12836	0	1	0	0	1	1
G0-10467	0	0	0	0	0	1
EG11527	1	0	0	0	1	0
EG10289	0	1	1	0	1	0
G0-10459	0	1	0	0	0	1
EG10643	1	1	0	0	1	0
G6754	0	1	0	0	1	1
G0-10454	0	0	0	0	0	1
G7306	0	1	0	0	1	0
EG12011	0	0	1	0	1	0
G0-10469	0	0	0	0	0	1
EG12060	1	1	0	1	1	0
G6649	0	1	0	0	1	1
G0-10462	0	0	0	0	0	1
EG11814	1	1	0	1	1	0
EG11767	0	0	0	0	1	1
G0-10455	0	0	0	0	0	1
EG11368	1	0	0	1	1	0
EG10675	0	1	1	0	1	0
G0-10450	0	0	0	0	0	1
EG10639	1	1	0	1	1	0
EG10007	0	1	1	0	1	0
G0-10475	0	0	0	0	0	1
EG10392	1	1	0	1	1	0
EG12625	0	1	1	0	1	0
G0-10466	0	0	0	0	0	1
G7303	0	1	0	0	1	0
EG12368	0	1	1	0	1	0
G0-10458	0	0	0	0	0	1
EG11949	0	1	0	0	1	1
G7340	0	0	0	0	1	1
G0-10453	0	0	0	0	0	1
EG11802	0	1	0	0	1	1
G6409	0	1	1	0	1	0
EG10608	0	1	0	0	1	0
EG11228	1	1	0	0	1	0
EG12125	0	1	1	0	1	0
G7741	0	1	0	0	1	1
EG10487	0	1	0	0	1	0
G6802	0	1	1	0	1	0
G0-10655	0	0	0	0	1	1
G7300	0	1	0	0	1	0
EG10296	0	1	1	0	1	0
G7061	0	1	0	0	1	0
EG11946	1	1	0	1	1	1
G6779	0	1	0	0	1	1
G6783	0	0	0	1	1	0
EG11784	0	1	0	0	0	0
EG12800	0	1	0	0	1	0
G6570	0	1	0	0	1	0
EG10655	0	1	0	1	1	0
EG12038	0	1	1	0	1	1
G7883	0	0	0	0	1	1
EG10483	0	1	0	0	1	0
EG10772	0	1	1	0	1	0
G0-9561	0	0	0	0	1	0
EG10325	0	1	0	0	1	0
G6650	0	1	0	0	1	1
G7314	0	1	0	1	1	0
G6775	1	0	0	1	1	0
G6462	0	0	1	0	1	0
EG12830	0	0	0	0	1	1
EG12078	0	1	1	0	1	0
EG11742	0	0	0	0	1	1
EG11877	0	1	0	0	1	1
EG10649	1	1	0	1	1	0
EG10928	0	1	1	0	1	0
EG11291	0	0	0	0	1	0
EG12332	0	1	0	0	1	0
EG12070	0	1	0	0	1	0
G6396	0	1	0	0	1	0
EG11774	1	1	1	0	1	0
EG11405	0	1	1	0	1	0
EG11100	0	0	0	0	1	1
EG10471	0	1	0	0	1	1
G6248	0	0	0	0	1	1
G6167	0	1	0	0	1	1
EG12091	1	1	1	0	1	0
EG11622	0	0	0	0	1	1
G7031	0	1	0	0	1	0
EG11473	1	0	0	1	1	0
EG10012	0	1	1	0	1	0
G6447	0	1	0	0	1	1
EG10468	1	1	0	1	1	0
G6777	0	1	0	0	1	1
EG11246	0	1	0	0	1	1
EG12088	1	1	1	0	1	0
EG12320	0	0	0	0	1	1
EG11143	1	1	0	1	1	0
EG10290	0	1	1	0	1	0
EG10231	1	1	0	1	1	0
G6574	0	0	0	0	1	0
EG12084	1	1	1	0	1	0
EG10771	0	1	1	0	1	0
EG10180	1	1	1	0	1	0
G6266	0	0	0	0	1	1
EG12079	0	1	1	0	1	0
EG10678	0	1	1	0	1	0
EG11962	0	1	0	0	1	0
EG12801	0	1	0	0	1	0
EG10472	0	1	0	0	0	1
EG10452	0	1	1	0	1	0
EG10270	0	0	0	1	1	0
EG12092	1	1	1	0	1	0
G6778	0	1	0	0	1	1
G6486	0	0	0	0	1	0
EG11476	0	0	0	0	1	1
EG12347	0	0	1	0	1	0
EG11376	0	0	0	0	1	0
EG10469	1	1	0	1	1	0
EG10295	0	1	1	0	1	0
EG12371	0	0	0	0	1	0
EG12089	1	1	1	0	1	0
G6656	0	1	0	0	0	0
EG11203	0	0	0	0	1	1
EG11324	1	0	0	1	1	0
G6411	0	1	1	0	1	0
G7680	0	0	0	0	1	0
EG10394	1	1	0	1	1	0
EG10713	0	1	1	0	1	0
EG11086	0	1	0	0	1	0
EG12086	1	1	1	0	1	0
EG12837	0	1	0	0	1	1
EG11529	0	0	0	0	1	0
EG11044	1	1	0	1	1	0
EG12010	0	0	1	0	1	0
EG10342	0	1	0	0	1	0
EG10181	1	1	1	0	1	0
G7341	0	0	0	0	1	1
G0-10261	0	0	0	0	1	1
EG12082	1	1	1	0	1	0
EG11657	0	0	0	0	0	1
EG12855	0	0	0	0	1	0
EG10178	1	1	1	0	1	0
G6800	0	1	1	0	1	0
G7864	0	1	0	0	1	1
EG11963	1	1	0	1	1	0
EG11621	0	1	1	0	1	0
EG12297	0	1	0	0	1	0
EG10473	0	1	0	0	0	1
EG10304	0	1	1	0	1	0
EG10596	0	0	0	0	1	0
EG12093	1	1	1	0	1	0
G6752	0	1	0	0	1	1
G7644	0	0	0	0	1	1
EG11773	1	1	1	0	1	0
G6429	0	0	1	0	1	0
EG10347	0	1	0	0	1	0
EG10470	1	1	0	1	1	0
EG12041	0	0	1	0	1	1
EG10618	0	1	0	0	1	0
EG12090	1	1	1	0	1	0
EG10677	0	1	1	0	1	0
EG10340	0	0	0	0	1	0
EG11370	1	1	0	1	1	0
EG11680	0	0	1	0	1	0
EG12878	0	0	0	0	1	0
EG10401	0	1	1	0	1	0
G6951	0	0	0	0	1	1
EG12313	0	0	0	0	1	0
EG12087	1	1	1	0	1	0
EG12518	0	1	1	0	1	1
EG11191	0	0	0	0	1	0
EG10182	0	1	0	1	1	0
EG10272	0	1	1	0	1	0
EG12111	0	0	0	0	1	0
EG12083	1	1	1	0	1	0
EG10271	0	1	1	0	1	0
G7424	0	0	0	0	1	0
EG10179	1	1	1	0	1	0
G7503	0	0	1	0	1	0
EG11878	0	0	0	0	1	0
G592	1	1	0	1	1	0
G7070	0	0	1	0	1	0
EG10955	0	1	0	0	1	0
G6599	0	0	0	0	0	0
EG10477	1	1	0	1	1	0
G6786	0	1	1	0	1	0
EG11662	0	0	0	0	1	1
EG11168	0	1	0	1	1	0
G6256	0	0	1	0	1	0
G6171	0	1	0	0	1	1
EG10474	0	1	0	0	0	1
EG12469	0	0	1	0	1	0
EG12209	0	0	1	0	1	0
EG10333	1	1	0	1	1	0
EG12219	0	0	0	0	1	1
G7323	0	0	0	0	1	0
EG10330	1	1	0	1	1	0
EG11953	0	0	1	0	1	0
G6615	0	1	0	0	0	0
EG10481	0	1	0	0	1	0
EG11724	0	0	1	0	1	0
G6173	0	1	0	0	1	1
G6377	0	0	0	0	1	0
EG10031	1	1	0	1	1	0
EG11555	0	0	0	0	1	1
EG10478	1	1	0	1	1	0
EG11262	0	1	0	0	1	1
G7564	1	1	0	1	1	0
EG11169	0	1	0	1	1	0
EG10267	0	1	1	0	1	0
G7398	1	1	0	1	0	0
EG10475	1	1	0	1	1	0
G6987	0	0	0	0	1	1
EG11918	0	1	0	0	1	0
EG11304	0	1	0	0	0	0
EG10701	1	1	0	1	1	0
G6643	0	1	1	0	1	0
G6174	0	1	0	1	1	1
EG10331	1	1	0	1	1	0
G6142	0	0	0	0	1	1
G7649	0	0	0	1	1	0
G7079	0	0	0	0	0	0
EG10482	1	1	0	0	1	0
EG12400	0	0	1	0	1	0
EG12045	0	1	0	1	1	1
EG10285	1	1	0	1	1	0
EG11940	0	0	0	0	1	1
EG10479	1	1	0	1	1	0
EG11703	0	1	1	0	1	0
EG50010	1	1	0	1	1	0
EG10132	0	1	1	0	1	0
EG10476	1	1	0	1	1	0
G7399	0	1	1	0	1	0
EG11091	0	0	0	0	1	0
G6934	0	1	1	0	1	0
G7354	0	1	0	0	1	1
G6836	0	1	0	0	0	0
EG10332	1	1	0	1	1	0
G6559	0	0	0	0	1	0
EG11643	0	1	0	1	1	0
EG10484	0	1	0	1	1	0
EG20110	0	0	1	0	1	0
G6971	0	0	0	0	1	1
EG10301	0	1	0	0	1	0
EG12631	0	1	1	0	1	0
EG12396	0	0	0	1	1	1
EG10480	1	1	0	1	1	0
EG12369	0	0	0	0	1	1
G6972	0	1	0	0	1	1
EG10008	1	1	0	1	1	0
EG12141	0	1	0	0	1	1
G6776	0	1	0	0	1	1
EG11109	0	1	0	0	1	0
EG11896	0	0	1	0	1	0
G6532	0	1	0	1	1	0
EG10980	1	1	0	1	1	0
EG11689	0	1	1	0	1	0
EG12403	0	1	0	1	1	0
EG10933	1	1	0	1	1	0
EG11459	0	0	0	0	1	1
EG12002	0	0	0	0	1	1
EG11104	0	1	1	0	1	0
G7049	0	1	0	0	1	1
EG10402	1	1	0	1	1	0
EG10629	0	0	1	0	1	0
EG12880	0	1	0	1	1	0
EG10356	1	1	0	1	1	0
G7254	0	1	1	0	1	0
EG10150	1	1	0	0	1	0
EG10981	1	1	0	1	1	0
G6893	0	0	0	0	1	1
G7427	0	1	0	0	1	0
EG10934	1	1	0	1	1	0
G6440	0	0	1	0	1	0
EG11250	0	1	0	0	1	0
EG10931	1	1	0	1	1	0
EG13283	0	1	1	0	1	1
G0-9121	0	1	0	0	1	0
EG10489	1	1	0	1	1	0
EG12576	0	1	1	0	1	0
EG12844	0	1	0	0	1	0
G7376	0	0	0	0	0	0
EG10357	1	1	0	1	1	0
EG12282	0	1	1	0	1	0
G7428	0	1	0	0	1	0
EG10982	1	1	0	1	1	0
EG12129	0	1	1	0	1	0
EG11244	0	0	0	0	1	1
EG10979	1	1	0	1	1	0
EG11392	0	0	1	0	1	0
G6334	0	1	0	0	1	0
EG10932	1	1	0	1	1	0
G7833	0	1	1	0	1	0
EG12845	0	1	0	0	1	0
EG10358	1	1	0	1	1	0
G7159	0	0	0	0	1	1
EG11933	0	1	0	0	1	1
G7918	0	0	0	0	0	0
G6397	1	1	0	1	1	0
G6858	0	1	1	0	1	0
G7429	0	1	0	0	1	0
G7129	1	1	0	1	1	0
EG12908	0	1	1	0	1	1
EG11398	0	1	0	0	1	0
EG10804	1	1	0	1	1	0
EG12544	0	1	0	0	1	1
G7426	0	1	0	0	1	0
EG11015	1	1	0	1	1	0
EG12266	0	0	0	0	1	1
EG10571	0	1	0	0	1	0
EG10338	0	1	0	0	1	0
EG12029	0	0	0	0	1	1
EG12634	0	1	0	0	1	0
EG11088	0	1	0	0	1	0
EG11840	0	0	0	0	1	1
G7430	0	1	0	0	1	0
EG10803	1	1	0	1	1	0
EG11616	0	0	1	0	1	0
G0-9962	0	1	0	0	1	0
G6837	0	1	0	0	0	0
EG12198	1	1	0	1	1	0
G7507	0	0	1	0	1	0
G6933	0	1	0	0	1	1
EG12258	0	1	0	1	1	0
G7114	0	1	1	0	1	0
EG11748	0	0	0	0	1	1
EG11862	0	0	0	0	1	1
G6817	0	0	0	0	1	0
G7197	0	0	0	0	1	1
G7457	0	1	0	1	1	0
G6280	0	1	0	0	1	1
EG12310	0	0	0	0	1	0
G7150	0	0	0	0	1	0
EG12802	0	0	0	0	1	1
G6533	0	0	0	0	1	0
EG10760	0	0	0	0	1	0
EG12475	0	1	0	0	1	1
G6146	0	0	0	0	1	0
EG10020	1	1	0	0	1	0
EG11954	0	0	1	0	1	0
G7265	1	0	0	1	1	0
EG11732	0	0	0	0	1	1
G7894	0	0	0	0	1	0
EG11676	0	0	0	0	1	0
G7465	0	1	0	0	1	1
EG10696	0	1	0	0	1	0
G7092	0	0	0	0	1	0
G7004	0	1	0	0	1	1
G6138	0	0	0	0	1	0
EG11506	0	0	0	0	1	0
G6744	0	1	0	0	1	1
EG10673	0	1	0	0	1	0
EG12445	0	0	1	0	1	0
G7769	0	0	0	0	1	0
G6621	1	0	0	1	1	0
EG11942	0	1	1	0	1	0
G7074	0	0	0	0	1	0
EG11359	0	1	0	0	1	0
EG11706	0	0	0	0	1	1
G6112	0	0	0	0	1	0
EG10436	0	1	0	0	1	0
EG11512	0	0	1	0	1	0
G6452	1	0	0	1	1	0
EG11242	0	1	0	0	1	1
EG10968	1	0	0	1	1	0
G7672	0	0	0	0	1	0
G7421	0	0	0	0	1	1
EG10212	0	1	0	0	1	0
G6725	0	0	0	1	1	0
G6962	0	0	0	0	1	1
G6296	0	0	0	0	1	0
G7533	0	0	0	1	1	0
G6561	0	0	1	0	1	0
G6083	0	0	0	0	1	0
EG12436	1	0	0	1	1	0
EG12713	0	0	1	0	1	0
EG10786	0	1	0	0	1	0
EG12380	0	1	1	0	1	0
EG10156	0	0	0	0	1	0
G7548	0	0	0	0	1	0
EG11919	0	1	1	0	1	1
G6213	0	0	0	0	1	0
EG11881	0	0	0	0	1	0
EG11691	0	0	1	0	1	0
EG10697	0	0	0	0	1	0
EG11159	0	1	1	0	1	0
G7247	0	0	0	0	1	0
G7309	0	1	1	0	1	1
EG11549	0	1	0	0	1	0
G7905	0	0	0	1	1	0
G6916	0	1	0	0	1	1
EG10694	0	1	0	0	1	0
G7902	0	0	0	0	0	0
G7255	0	0	0	0	1	0
G6466	0	1	0	0	1	1
G6534	0	0	0	0	1	0
G6622	0	0	0	1	1	0
EG12587	0	0	1	0	1	0
EG11373	0	1	0	1	1	0
G6168	0	0	0	0	1	0
EG12283	0	1	1	0	1	0
EG10463	0	1	0	0	1	0
EG12134	0	1	1	0	1	0
G6463	0	1	0	0	1	0
EG11750	0	0	0	0	1	0
EG11873	0	0	1	0	1	0
EG11004	0	0	0	0	1	0
G7895	0	0	0	0	1	0
EG11686	0	1	0	0	1	1
EG10246	0	1	0	1	1	0
G7125	0	0	0	0	1	0
EG11419	0	0	1	0	1	0
G7682	0	0	0	0	1	0
G6139	0	0	0	0	1	0
G7942	0	1	1	0	1	0
G2000	0	0	1	0	1	0
G7198	0	0	0	0	1	1
EG10950	0	1	0	1	1	0
EG12364	0	0	0	0	0	0
G7776	0	0	0	0	0	0
G6861	0	1	0	0	1	1
G7076	0	0	0	0	1	0
EG10158	0	1	0	0	1	0
G6393	0	1	1	0	1	0
G7410	0	0	0	1	1	0
G6327	0	0	0	0	1	0
EG12548	0	0	0	0	1	1
EG11920	0	0	0	0	1	0
EG12268	0	1	0	0	1	1
EG10698	0	0	0	0	1	0
G7761	0	0	0	0	1	0
EG12032	0	0	1	0	1	1
G7248	0	0	0	0	1	0
G7029	0	0	0	0	1	0
EG11841	0	1	1	0	1	0
G6297	0	0	0	0	1	0
EG11652	0	0	0	0	1	0
EG11639	0	1	1	0	1	0
EG10695	1	1	0	1	1	0
G6085	0	0	0	0	1	0
EG11343	0	1	1	0	1	0
G6662	1	1	0	1	1	0
EG11020	0	0	1	0	1	0
EG11441	0	0	0	0	1	0
G7583	0	1	0	0	1	0
EG10521	0	0	1	0	1	0
G6723	0	0	0	0	1	0
EG10542	0	1	0	0	1	0
G7115	0	1	1	0	1	0
G6470	0	0	0	0	1	1
G6223	0	0	0	0	1	0
G6854	0	0	0	0	1	1
EG11112	1	0	0	1	1	0
EG12853	0	0	1	0	1	0
EG10435	0	1	0	0	1	0
EG12504	0	1	1	0	1	0
G7925	0	0	0	0	1	0
G7908	0	0	0	0	1	0
EG12232	0	1	1	0	1	0
G7480	0	0	0	0	1	0
G2001	0	0	1	0	1	0
EG11753	0	1	1	0	1	0
EG10956	0	1	0	0	1	1
G6667	0	0	0	0	1	0
EG11566	0	1	0	0	1	1
EG10159	0	0	0	0	1	0
G6169	0	0	0	0	1	0
EG10802	0	1	1	0	1	0
EG10825	0	1	0	0	1	0
G7501	0	0	1	0	1	0
G0-10430	0	0	0	0	1	0
G6241	0	0	0	0	1	1
EG10574	0	1	0	1	1	0
G7900	0	0	0	0	1	0
EG12754	0	1	0	0	1	1
EG11098	0	0	0	0	1	0
G7126	0	0	0	0	1	0
EG12462	0	1	1	0	1	0
EG11063	0	1	0	1	1	0
G6509	0	0	0	0	1	0
EG11952	0	0	1	0	1	0
EG10926	0	0	0	1	1	0
G6145	0	0	0	0	1	0
EG11720	0	1	1	0	1	0
EG10826	0	1	0	0	1	0
EG11541	0	0	1	0	1	0
EG10575	0	0	0	1	1	0
G7777	0	1	0	0	1	0
EG10250	0	1	1	0	1	0
EG11336	0	0	0	0	1	0
G7077	0	0	0	0	1	0
G7437	0	1	0	0	1	1
EG11072	0	1	0	0	1	0
G6360	0	1	0	0	1	0
G6977	0	1	1	0	1	0
EG10927	0	1	0	0	1	0
G6620	0	0	0	0	1	1
G7762	0	0	0	0	1	0
EG10827	0	0	0	0	1	0
EG12720	0	1	0	0	1	1
G7016	0	0	0	0	1	0
G7030	0	0	0	0	1	0
EG12393	0	1	1	0	1	0
EG10824	0	1	0	0	1	0
G6086	0	0	0	0	1	0
EG11939	0	0	1	0	1	0
EG10459	0	0	0	0	1	0
EG11693	0	1	1	0	1	0
EG11094	0	1	0	0	1	0
G7584	0	0	0	0	1	0
EG11469	0	1	1	0	1	0
EG11062	0	1	0	1	1	0
G6724	0	0	0	0	1	0
EG11194	0	0	1	0	1	0
EG10830	0	0	0	0	1	0
G6224	0	0	0	0	1	0
EG10652	0	1	1	0	1	0
EG10859	1	0	0	1	1	0
G7330	0	0	1	0	1	1
EG10856	0	0	0	0	1	0
G6917	0	0	0	0	1	1
G7175	1	0	0	1	1	0
G7481	0	0	0	0	1	0
G6517	0	1	1	0	1	0
EG11620	1	0	0	1	1	0
G6212	0	0	0	0	1	0
EG20053	0	1	1	0	1	1
EG10863	1	0	0	1	1	0
EG12623	0	1	0	0	1	1
EG10860	0	0	0	0	1	0
EG12367	0	1	1	0	1	0
EG10857	0	0	0	0	1	0
EG11727	0	1	0	0	1	1
EG12136	0	1	0	0	1	1
EG11714	0	1	0	0	1	1
G7365	0	1	0	0	1	0
EG11883	0	1	1	0	1	0
EG10743	1	1	0	1	1	0
G7226	0	0	0	0	0	1
EG11687	0	0	0	0	1	1
EG30069	1	1	0	1	0	0
G6821	0	1	0	0	0	1
EG11439	0	1	1	0	1	0
EG11259	0	1	0	0	1	0
G6682	0	1	0	0	1	1
G7235	0	1	0	0	1	1
EG10861	0	0	0	0	1	0
G6588	0	0	0	0	0	1
G6877	0	1	1	0	1	0
EG10858	1	0	0	1	1	0
G6307	0	0	0	0	1	1
G6400	0	1	0	0	1	1
EG10844	0	0	0	1	1	0
G6120	0	0	0	0	1	1
EG13174	0	0	0	0	1	1
G6634	0	0	0	1	1	0
EG12155	0	0	0	0	1	0
EG12563	0	1	1	0	1	0
EG11547	1	0	0	1	1	0
EG11300	0	0	0	0	0	1
EG12281	0	1	1	0	1	0
EG10862	1	0	0	1	1	0
EG10227	0	1	0	0	1	1
EG11842	0	0	0	0	1	1
G6782	0	1	0	0	1	0
G7378	0	0	0	0	0	1
EG11640	0	1	0	0	1	1
G7359	0	0	0	0	0	1
G7282	0	1	0	0	1	1
EG11354	0	1	1	0	1	0
EG12423	1	1	0	1	1	0
G7221	0	0	0	1	0	0
EG11021	0	0	1	0	1	0
G7270	0	0	0	0	1	1
G6834	0	1	0	0	0	0
G7679	0	1	0	0	1	1
G6818	0	1	0	0	1	1
EG11632	0	1	1	0	1	0
G7130	0	0	0	0	1	1
G6645	1	1	0	1	1	0
G6679	0	0	0	0	0	1
G6857	0	1	1	0	1	0
G6585	0	0	0	0	1	1
EG11629	0	1	1	0	1	0
EG12539	0	1	1	0	1	0
G7961	1	1	0	1	1	0
G6304	0	0	0	0	0	1
EG12249	0	1	0	0	1	1
G0-10452	0	0	0	0	0	1
G6218	0	1	1	0	1	0
EG11821	0	1	1	0	1	0
EG11120	0	0	0	0	0	1
EG10752	0	0	1	0	1	0
EG11612	0	1	1	0	1	0
G7289	0	1	0	0	1	1
G7373	0	0	0	0	1	0
EG10528	0	1	1	0	1	0
EG50007	1	0	0	1	1	0
G7278	0	0	0	0	0	1
G6700	0	1	1	0	1	0
G7275	0	0	0	0	0	1
EG10749	0	0	1	0	1	0
EG10293	0	1	1	0	1	0
G7283	0	0	0	0	1	1
G7218	0	0	0	0	1	1
G6414	0	1	1	0	1	0
EG12608	0	1	0	0	1	1
G6831	0	0	0	0	0	1
EG10126	0	1	1	0	1	0
G7271	0	0	0	0	1	1
G6696	0	1	0	0	0	1
EG11124	0	1	0	0	1	1
EG11822	1	1	0	1	1	0
G6489	0	0	0	0	1	0
EG11008	0	1	0	0	1	0
G6646	1	1	0	1	1	0
G6131	0	0	0	1	1	0
G0-10435	0	0	0	0	0	1
EG11630	0	1	1	0	1	0
G6762	0	1	0	0	1	1
EG11899	0	0	0	0	1	0
G6219	0	1	1	0	1	0
EG10302	0	1	1	0	1	0
G7917	0	0	0	0	0	1
EG10753	0	1	1	0	1	0
G6531	0	1	1	0	1	0
G7290	0	1	0	0	1	1
G7369	0	0	0	0	1	1
EG11364	0	1	0	0	1	0
G7272	0	1	0	0	1	1
G6088	0	1	0	0	1	0
EG11009	0	1	1	0	1	0
G7085	0	0	0	0	1	0
EG10750	0	0	1	0	1	0
EG10671	0	1	1	0	1	0
G7284	0	0	0	0	1	1
G6828	0	1	0	0	0	1
G7814	0	0	0	0	1	1
EG10036	1	1	0	1	1	0
G6595	0	0	0	0	0	0
G6657	0	1	1	0	1	0
G7281	0	1	0	0	1	0
G6314	0	0	0	0	0	1
EG10286	0	1	1	0	1	0
G6151	0	0	0	0	0	1
EG12190	0	0	0	0	1	1
G6370	0	1	1	0	1	0
G6128	0	0	0	0	1	1
EG11631	0	1	1	0	1	0
EG10729	0	1	1	0	1	0
G6644	1	1	0	1	1	0
EG12370	0	0	0	0	1	1
EG12331	0	0	1	0	1	0
EG11558	1	1	0	1	1	0
G7366	0	1	0	0	1	0
EG11160	0	1	1	0	1	0
G7291	0	1	0	0	1	1
G7230	0	0	0	1	0	0
EG13270	0	0	1	0	1	0
G7082	0	0	0	0	1	1
G6217	0	1	1	0	1	0
EG11180	0	1	1	0	1	0
G6825	0	1	0	0	1	1
EG10751	0	0	1	0	1	0
G6255	0	1	1	0	1	0
G7285	1	0	0	1	1	1
G6688	0	1	0	0	0	1
EG11606	0	0	0	0	1	0
EG50006	1	0	0	1	1	0
G6592	0	0	0	0	0	1
EG10601	0	1	0	0	1	0
G6311	0	0	0	0	1	1
EG10635	0	1	1	0	1	0
EG10777	0	1	0	0	1	0
EG10096	1	1	0	1	1	0
G6148	0	1	0	0	0	1
EG11514	0	1	0	0	0	1
G7624	1	1	0	1	1	0
G6124	0	0	0	0	0	1
EG10778	0	1	0	0	1	0
EG12339	0	1	0	0	1	0
EG12305	0	0	1	0	1	0
EG10044	0	1	0	0	1	1
EG10813	0	0	0	0	0	1
EG10989	0	1	0	0	1	0
G7715	0	0	0	0	0	1
G7363	0	1	0	0	1	1
EG10801	1	1	0	1	1	0
EG11731	0	1	0	0	0	0
EG10045	1	0	0	1	1	0
G7227	0	0	0	0	1	0
G7595	0	1	0	0	1	0
G6942	1	1	0	1	1	0
G6822	0	1	0	0	0	1
EG11390	0	1	0	0	0	0
EG11810	1	1	0	1	1	0
G6683	0	1	0	0	0	1
G6936	0	0	0	0	1	0
EG10582	1	1	0	1	1	0
G6589	0	0	0	0	0	1
G6444	0	1	0	0	1	0
G6308	0	0	0	0	1	0
G6706	0	1	0	0	1	0
G7947	0	1	0	0	1	0
EG11623	1	0	0	1	1	0
G6121	0	0	0	0	1	0
EG11733	0	1	0	0	1	1
EG12203	0	1	0	0	1	0
EG10536	0	1	1	0	1	0
G7656	0	1	0	0	1	0
EG11407	1	1	0	1	1	0
EG11301	0	0	0	0	0	1
EG11431	0	1	0	0	0	1
EG10371	1	1	0	1	1	0
EG10228	0	1	0	0	1	1
G7467	0	0	0	0	1	1
G7379	0	0	0	0	1	1
EG12628	0	1	1	0	1	0
EG11005	1	1	0	1	1	0
G7360	0	1	0	0	0	1
G6273	0	0	0	0	0	0
G7223	0	0	0	0	1	1
EG10133	0	1	0	0	1	0
EG11162	1	0	0	1	0	0
G7627	1	1	0	1	1	0
G6835	0	1	0	0	0	0
EG11889	0	1	0	0	1	1
EG12387	1	1	0	1	1	0
G6819	0	1	0	0	1	1
G7689	0	0	0	0	1	1
EG10990	1	1	0	1	1	0
G6586	0	0	0	0	0	1
G7571	0	1	0	0	1	0
EG10930	1	1	0	1	1	0
G6305	0	0	0	0	1	1
EG11356	0	1	0	0	1	0
EG10046	1	1	0	1	1	0
G0-10584	0	0	0	0	0	1
G6749	0	1	0	0	1	0
G6943	1	1	0	1	1	0
EG12117	0	1	0	0	0	1
EG11257	0	1	0	1	1	0
EG11129	0	0	0	0	0	1
EG12168	0	1	1	0	1	0
G6337	0	0	0	0	1	0
EG10684	0	1	0	0	1	0
EG10708	0	0	1	0	1	0
EG11181	0	1	0	0	0	1
G6940	1	1	0	1	1	0
G7279	0	0	0	0	0	1
G0-9941	0	1	0	0	0	0
G7276	0	0	0	0	0	1
EG11627	0	1	1	0	1	0
G0-9606	0	0	0	0	0	1
G7219	0	0	0	0	1	0
EG10537	0	1	1	0	1	0
G0-9608	0	0	0	0	0	1
G6832	0	0	0	0	0	1
G2002	0	0	0	0	1	1
G0-9581	0	0	0	0	0	1
EG11408	1	1	0	1	1	0
G6697	0	1	0	0	1	1
EG10408	1	1	0	1	1	0
G6676	0	0	0	0	1	1
G0-9611	0	0	0	0	0	1
EG13139	1	1	0	1	1	0
G6582	0	0	0	0	0	1
G0-9603	0	0	0	0	0	1
G6302	0	0	0	0	1	1
EG11149	0	0	0	0	1	0
EG10535	0	0	0	0	1	0
G6133	0	0	0	0	0	0
EG10248	0	1	1	0	1	0
EG11260	0	1	0	0	0	1
EG12407	1	1	0	1	1	0
G0-10436	0	0	0	0	1	1
G7579	0	1	0	1	0	0
EG11900	0	0	0	0	1	0
EG10992	0	1	0	0	1	0
EG11210	0	1	0	0	1	0
EG10092	1	1	0	1	1	0
G7370	0	0	0	0	0	1
EG10988	0	1	0	0	1	0
G7394	1	1	0	1	1	0
G7273	0	0	0	0	0	1
EG12854	0	1	0	0	1	0
G7086	0	0	0	0	0	0
EG12304	0	0	1	0	1	0
G7823	0	0	0	0	1	1
EG10964	1	1	0	1	1	0
G6829	0	0	0	0	1	1
EG10776	0	1	0	0	1	0
G6941	1	1	0	1	1	0
G6693	0	0	0	0	1	0
EG11682	0	1	0	0	1	0
G6597	0	0	0	0	0	1
EG11795	0	1	0	0	1	0
EG10255	0	1	0	0	1	0
G6315	0	0	0	0	0	0
G6378	0	0	1	0	1	0
G6550	0	0	0	1	1	0
EG11442	1	1	0	1	1	0
G6152	0	0	0	0	1	1
EG11238	0	0	0	0	0	1
EG10512	1	1	0	1	1	0
G6129	0	0	0	0	1	1
G6116	0	1	0	0	1	0
EG12877	0	0	0	0	0	1
EG13161	0	1	0	0	1	0
EG11018	0	1	0	0	1	0
EG11276	0	1	0	0	1	1
EG11740	0	0	0	0	1	1
G0-10473	0	0	0	0	1	0
EG10249	1	1	0	1	1	0
EG10507	0	1	0	0	1	1
G7851	0	1	0	0	0	0
G7367	0	0	0	0	1	1
EG12627	0	1	1	0	1	0
EG11835	0	0	0	0	1	0
EG10993	1	1	0	1	1	0
G7231	0	0	0	0	1	1
EG10149	0	1	0	0	1	0
G6200	1	1	0	1	1	0
G7083	0	0	0	0	0	1
G6301	0	0	0	0	0	1
G6826	0	0	0	0	0	1
EG10280	0	1	1	0	1	0
EG11034	0	1	0	0	1	0
G7213	1	1	0	1	1	0
G6689	0	0	0	0	0	0
G0-10617	0	1	0	0	1	1
G36	0	1	0	1	1	0
G6593	0	0	0	0	1	1
EG10987	0	1	0	0	1	0
G6922	0	0	0	0	0	1
G6312	0	1	0	0	1	1
EG12314	0	0	0	0	1	0
G6149	0	0	0	0	1	1
EG11672	1	1	0	1	1	0
EG10170	0	1	0	1	1	0
G6125	0	0	0	0	0	1
EG11668	1	0	0	0	1	0
G7836	0	0	0	1	1	0
EG11634	0	1	0	0	0	0
G6201	0	1	0	0	1	0
EG11211	0	0	0	1	1	0
G7899	0	0	0	0	0	1
EG10281	0	1	0	0	1	0
G6117	0	1	0	0	1	0
EG10278	1	1	0	1	1	0
G7364	0	0	0	0	0	1
G7572	0	1	0	0	1	0
M011	1	1	0	1	1	0
G7228	0	0	0	0	0	1
G7602	0	1	0	0	1	0
G6105	1	1	0	1	1	0
G7080	0	1	0	0	0	0
G6923	0	0	0	0	0	1
G6684	0	1	0	0	1	1
G6209	0	1	0	0	1	0
EG12357	1	0	0	1	1	0
G6590	0	0	0	0	0	1
EG12712	1	1	0	1	1	0
G6309	0	0	0	0	1	1
G6920	0	0	0	0	1	1
G7243	1	1	0	1	1	0
EG11669	1	1	0	1	1	1
G6122	0	0	0	0	1	1
EG11734	0	1	0	0	0	1
EG12205	0	0	0	0	1	1
G6206	0	1	1	0	1	0
EG11811	0	1	0	0	1	0
EG10279	1	1	0	1	1	0
EG11302	0	0	0	0	0	1
EG11320	0	0	0	0	1	0
G6195	0	1	0	0	1	0
G7380	0	0	0	0	1	1
G7137	0	1	0	0	1	0
G7212	1	1	0	1	1	0
G7361	0	0	0	0	0	1
EG12094	0	1	0	0	1	0
EG12432	1	0	0	1	1	1
G7225	0	0	0	0	1	0
G6494	0	1	0	0	1	0
G6921	0	0	0	0	1	1
G6820	0	1	0	0	0	1
EG10510	0	1	0	0	1	0
EG11670	1	1	0	1	1	0
G6681	0	1	0	0	1	1
EG11153	0	1	0	0	1	0
G6244	1	1	0	1	1	0
G6587	0	0	0	0	0	1
EG11016	0	1	0	0	0	1
EG11530	1	1	0	1	1	0
G6140	0	1	0	1	1	0
EG12048	0	0	0	0	0	1
G7920	0	1	0	1	1	0
EG12154	0	0	0	0	0	1
G6493	0	0	0	0	1	1
G7463	0	1	0	1	1	0
EG11130	0	1	0	0	1	0
EG11113	0	1	0	0	1	0
G6719	1	1	0	1	1	0
EG10737	0	0	0	1	1	0
EG12121	0	1	0	0	1	0
G6278	1	1	0	1	1	0
G7377	0	0	0	0	0	1
EG11782	0	0	0	0	1	0
EG20049	1	1	0	1	1	0
G7280	0	1	0	0	0	1
G7176	0	0	0	0	1	0
EG12415	1	1	1	0	1	0
G7220	0	0	0	1	0	0
EG10530	0	1	0	0	1	0
G6833	0	1	0	0	0	1
EG12148	0	1	1	0	1	0
EG10548	1	0	0	1	1	0
EG11868	1	1	0	1	1	0
G6698	0	1	0	0	1	1
EG10300	0	0	0	0	1	0
G6677	0	0	0	0	1	1
EG11448	1	1	0	1	1	0
G7539	0	0	0	0	1	1
EG11175	1	1	0	1	1	0
G6583	0	0	0	0	0	1
EG10346	0	0	0	0	1	0
G6134	0	0	0	0	1	0
EG10969	0	1	1	0	1	0
G7586	0	0	0	0	1	1
G0-10449	0	0	0	0	1	1
EG10656	0	1	0	0	0	1
G6333	0	1	0	1	1	0
EG10573	0	0	0	1	1	0
EG10562	0	1	0	0	1	0
EG12194	0	1	0	0	0	0
G7372	0	0	0	0	0	1
EG10522	0	1	1	0	1	0
EG11003	0	0	0	1	1	0
EG10348	1	1	0	1	1	0
G7277	0	0	0	0	0	1
G6268	0	0	0	0	1	0
EG10114	0	1	0	1	1	0
G7274	0	0	0	0	0	1
EG12143	0	1	0	0	1	0
EG10024	1	1	0	1	1	0
G7119	0	0	0	0	0	1
EG10757	0	1	0	1	1	0
M015	1	1	0	1	1	0
G6830	0	0	0	0	1	1
EG10461	0	1	0	0	1	0
G7893	1	1	0	1	1	0
G6695	0	1	0	0	0	1
G7055	0	1	0	1	1	0
G7445	1	1	0	1	1	0
G6598	0	0	0	0	0	1
G6160	0	0	0	0	0	1
G6715	1	1	0	1	1	0
G6317	0	0	0	0	0	0
EG12130	0	0	0	0	1	0
G6198	1	1	0	1	1	0
G6300	0	1	0	0	1	1
EG10310	0	1	0	0	1	0
EG11783	0	1	0	0	1	0
EG13235	0	1	1	0	1	0
G7866	0	1	0	0	1	0
EG12316	1	1	0	1	1	0
G7916	0	0	0	0	0	1
G198	0	0	0	1	1	0
G7368	0	0	0	0	0	1
EG12100	1	1	0	1	1	0
EG10674	0	1	1	0	1	0
G7232	0	0	0	0	0	1
EG11864	0	0	0	0	1	1
G6386	0	0	0	0	1	1
EG11427	1	0	0	1	1	0
G7084	0	0	0	0	1	0
EG12352	0	1	0	1	0	0
EG11075	1	1	0	1	1	0
G6827	0	0	0	0	1	1
EG11297	1	1	0	1	1	0
G6691	0	0	0	0	0	0
EG10842	0	1	0	0	1	0
EG10600	0	1	0	0	1	0
G6594	0	0	0	0	0	1
EG10594	0	1	1	0	1	0
G7638	0	0	0	0	1	1
EG10559	0	1	0	0	1	1
G6313	0	1	0	0	0	1
G6353	0	0	0	0	0	1
EG10380	1	1	0	1	1	0
G6150	0	0	0	0	0	1
EG12195	0	1	0	0	1	0
EG10256	1	1	0	1	1	0
G6127	0	0	0	0	0	1
EG11070	0	1	0	0	1	0
EG10085	0	1	0	1	1	0
EG11635	0	0	0	0	0	1
EG10090	0	1	0	0	1	1
M012	1	1	0	1	1	0
G7229	0	0	0	0	1	1
G6291	0	0	0	0	1	1
G7858	1	1	0	1	1	0
G7081	0	0	0	0	0	1
EG10758	0	1	0	1	1	0
G7334	1	1	0	1	1	0
G6824	0	0	0	0	0	1
G7207	0	0	0	0	1	1
G6712	0	1	0	0	1	1
G6685	0	1	0	0	0	0
G6163	0	0	0	0	0	1
G6591	0	0	0	0	0	1
G6141	0	1	0	1	1	0
EG11803	0	1	0	0	1	1
EG12768	1	1	0	1	1	0
G6310	0	0	0	1	1	0
EG10689	0	0	0	1	1	0
EG12287	1	1	0	1	1	0
G6147	0	0	0	0	1	0
EG10416	0	1	0	0	1	0
G6123	0	0	0	0	0	1
EG11965	0	1	0	0	1	0
G6787	0	1	0	0	1	1
EG11846	1	1	0	1	1	0
EG12338	0	1	0	0	1	1
G6104	0	1	0	0	1	0
EG11303	0	1	0	0	1	1
EG11330	0	1	1	0	1	0
EG11570	0	0	0	0	0	0
EG11065	1	1	0	1	1	0
EG10779	0	1	0	0	1	1
G7816	0	1	0	0	0	0
EG10817	1	1	0	1	1	0
G7381	0	0	0	0	0	1
G6481	0	0	0	0	1	1
G7362	0	0	0	0	1	1
EG10578	0	1	1	0	1	0
EG12394	0	1	0	0	1	0
EG10229	0	0	0	0	1	1
EG10556	0	1	1	0	1	0
EG10240	0	0	0	0	1	0
EG11346	0	1	0	0	1	0
EG10365	0	1	0	0	1	0
G7716	0	0	0	1	1	0
EG10252	0	1	0	0	1	0
EG10322	0	1	0	0	1	0
G6356	0	0	0	0	1	1
EG11347	0	1	0	0	1	0
EG10058	0	1	1	0	1	0
EG12200	0	0	0	0	1	1
M004	1	0	0	1	1	0
EG11123	0	0	0	0	0	1
EG11973	0	1	0	0	1	1
G7726	1	1	0	1	1	0
G7320	0	0	0	0	1	0
EG11080	0	0	0	1	1	0
EG11011	0	0	0	0	1	0
G7249	0	0	0	0	1	1
G7531	0	0	0	0	1	1
G6709	1	1	0	1	1	0
EG10658	0	0	0	0	1	0
G6293	0	0	0	0	1	1
EG10167	0	1	0	0	1	0
EG20253	0	1	0	0	1	0
EG12193	0	1	0	0	1	0
EG12137	0	1	0	0	1	0
EG12738	0	1	1	0	1	0
EG10985	0	0	0	1	1	0
EG12279	1	1	0	1	0	0
EG11739	0	1	0	0	0	1
G6242	0	1	0	0	1	0
EG10598	0	0	0	0	1	0
EG11958	0	1	1	0	1	0
EG10741	0	0	0	0	1	1
EG11827	1	1	0	1	1	0
G6361	0	1	0	0	0	1
EG10455	0	1	0	0	1	0
EG11914	0	0	0	1	1	0
EG11313	0	1	1	0	1	0
G6939	0	1	0	0	1	0
G7655	0	1	0	0	1	1
EG11053	0	0	0	0	1	0
G6154	0	0	0	0	0	0
EG10042	0	1	0	0	1	1
EG10814	0	1	1	0	1	0
EG11663	0	0	0	1	1	0
EG12017	0	0	0	0	0	1
EG10569	0	1	1	0	1	0
G7865	0	1	0	1	1	0
EG11798	0	1	0	0	1	1
EG10362	1	1	0	1	1	0
G6541	0	0	0	0	1	0
EG10144	1	1	0	1	1	0
G7617	0	0	0	0	0	1
EG12397	0	0	0	0	1	1
EG10055	1	1	0	1	1	0
EG11183	0	0	0	0	1	0
EG11433	0	1	0	0	1	0
G81	1	1	0	1	1	0
EG10339	0	1	0	0	1	0
EG10241	0	0	0	0	1	0
G7631	1	1	0	1	1	0
G7832	0	1	0	0	0	1
G7744	0	0	0	0	1	0
EG11266	0	1	0	1	1	0
G6867	0	1	0	0	1	0
G6357	0	0	0	0	1	1
G6626	1	1	0	1	1	0
G7589	0	0	0	0	1	1
EG12311	0	0	0	0	1	0
EG20248	1	1	0	1	1	0
G6863	0	1	0	0	0	1
EG11989	0	0	0	0	1	1
G0-10594	1	0	0	1	1	1
EG12458	0	1	1	0	1	0
EG10599	0	1	0	0	1	0
EG12272	1	0	0	1	1	0
EG11007	0	0	0	0	1	0
G7011	0	0	0	1	1	0
G7113	0	1	1	0	1	0
EG11912	0	0	0	0	1	1
EG12385	1	1	0	0	1	0
EG11698	1	1	0	1	1	0
EG12217	0	1	0	0	1	0
EG10851	0	0	0	1	1	0
G7258	0	1	0	0	1	0
EG11230	0	1	0	0	1	0
G812	0	1	0	0	1	0
G6093	0	0	0	0	1	0
EG10974	0	1	0	0	1	0
EG12147	0	0	0	0	1	0
G7618	0	1	0	0	0	1
EG10787	0	1	1	0	1	0
EG10151	0	1	0	0	1	0
EG11186	0	0	0	0	1	1
EG10566	1	1	0	1	1	0
G7510	0	0	0	0	1	0
EG10527	1	1	0	1	1	0
G6435	0	0	0	0	1	0
G7352	0	0	0	0	1	0
EG10352	0	1	1	0	1	0
EG10730	1	1	0	1	1	0
G6418	0	0	0	1	1	0
EG10141	0	1	1	0	1	0
EG10146	1	1	0	0	1	0
G6320	0	1	1	0	1	0
EG10052	1	1	0	1	1	0
G7402	0	1	0	0	1	0
G7945	1	1	0	1	1	0
EG10344	0	1	0	0	1	0
G6344	1	1	0	1	1	0
EG12442	0	1	0	0	0	1
G7542	0	1	1	0	1	0
EG10570	0	1	0	0	1	0
G7337	0	0	0	0	0	1
G6720	0	1	0	0	1	0
EG11667	1	0	0	1	1	0
G6283	1	1	0	1	1	0
EG11132	0	1	0	0	1	0
EG10669	0	1	0	0	1	0
EG20051	1	1	0	1	1	0
G7111	0	0	0	1	0	0
G6508	0	1	0	0	0	1
EG12416	1	1	1	0	0	0
G7056	1	0	0	1	1	0
G6265	0	0	0	0	0	1
EG12152	1	1	0	1	1	0
EG12424	0	1	0	1	1	0
G0-8892	0	1	0	0	1	0
EG11869	0	1	1	0	1	0
EG11610	1	1	0	1	1	0
EG10169	0	1	0	0	1	1
EG11561	0	1	1	0	1	0
EG10852	0	1	0	1	1	0
EG11176	1	1	0	1	1	0
EG11613	0	1	0	1	1	0
EG12270	0	0	0	1	1	1
EG10970	0	1	1	0	1	0
EG11497	0	0	0	0	1	0
G7559	0	0	0	0	0	1
EG10699	1	1	0	1	1	0
EG10163	1	1	0	1	1	0
G7310	0	0	0	0	1	1
EG10563	0	1	1	0	1	0
G6468	0	0	0	1	1	0
EG11010	0	0	0	0	1	0
EG10524	0	1	0	1	1	0
EG12007	1	0	0	1	1	0
EG10349	1	1	0	1	1	0
G6975	0	0	0	0	0	1
EG11430	0	0	0	1	1	0
EG10602	0	1	0	0	1	0
EG10115	0	1	1	0	1	0
EG10732	1	1	0	0	1	0
EG10025	1	1	0	1	1	0
G6404	0	1	0	0	0	1
EG10147	1	1	0	1	1	0
G7910	0	1	0	1	1	0
G7414	0	1	0	0	1	0
EG10397	0	1	0	0	1	0
G7446	0	1	0	0	1	1
G6345	1	1	0	1	1	0
EG12231	0	1	0	0	1	1
G6716	1	1	0	1	1	0
EG11826	0	0	0	1	1	0
EG11665	1	1	0	1	1	0
G6199	1	1	0	1	1	0
EG11367	1	0	0	1	1	0
EG13236	1	1	0	1	1	0
EG10597	0	0	0	0	1	0
EG10062	1	1	0	1	1	0
EG12399	1	1	0	1	1	0
EG11637	0	0	0	0	0	1
G7345	1	0	0	1	1	0
EG12133	0	0	0	1	0	1
EG10952	0	1	0	0	1	0
G6318	1	1	0	1	1	0
EG11866	1	1	0	1	1	0
EG11207	0	0	0	1	1	1
EG12709	0	0	0	0	0	1
EG11443	1	1	0	1	1	0
EG10488	0	0	0	0	1	0
EG12315	0	1	0	0	0	1
EG11076	0	1	1	0	1	0
G7201	0	0	0	1	1	0
G7933	0	1	0	0	0	1
EG10843	0	1	0	0	1	0
EG12449	0	1	0	1	1	0
G7028	0	1	0	0	1	0
EG10615	0	1	1	0	1	0
EG11614	1	0	0	1	1	0
EG10560	1	1	0	1	1	0
EG10345	0	0	0	0	1	0
EG10853	0	0	0	0	1	0
EG10381	1	1	0	1	1	0
EG11886	0	0	0	0	1	0
G6969	0	1	0	1	1	0
EG10282	1	1	0	1	1	0
EG12360	0	1	0	0	1	0
EG11499	0	1	0	0	0	1
EG10086	0	1	1	0	1	0
EG10850	0	0	0	1	1	0
G7849	0	0	0	0	0	1
EG10006	0	1	1	0	1	0
EG10269	1	1	0	1	1	0
EG10462	0	1	0	0	1	0
M013	1	1	0	1	1	0
G7953	0	0	0	0	0	1
G7210	0	1	0	0	1	1
G7891	0	1	0	0	1	0
G6503	0	0	0	1	1	0
G7335	1	1	0	1	1	0
EG12328	0	1	0	0	1	1
EG11440	0	0	0	1	1	0
G6713	1	1	0	1	1	0
G7204	0	1	0	0	1	1
EG10148	0	1	0	1	1	0
G6143	0	0	0	0	1	1
G7415	0	1	0	1	1	0
EG12107	0	1	0	0	1	1
EG12957	1	1	0	1	1	0
EG11831	0	1	0	1	1	0
EG11987	0	0	0	0	1	1
EG12292	0	1	0	1	1	0
EG11393	1	1	0	1	1	0
G6483	0	1	0	0	1	1
EG12013	0	1	0	1	1	0
G7350	0	1	0	1	1	0
EG11847	1	1	0	1	1	0
EG11156	0	1	0	0	1	1
G6340	1	1	0	1	1	0
EG11387	0	0	0	1	1	0
G6164	0	1	0	0	0	1
EG11233	1	1	0	0	1	0
EG11066	1	1	0	1	1	0
EG10313	0	1	0	0	1	0
EG10516	1	0	0	1	1	0
EG10818	1	1	0	1	1	0
G7211	0	0	0	0	1	0
G7637	0	1	0	0	1	1
EG10592	0	1	1	0	1	0
EG12658	1	1	0	1	1	0
EG12359	0	0	0	0	1	1
EG10557	0	1	0	0	1	0
EG11617	1	1	0	1	1	0
G7205	0	0	0	0	1	1
EG10366	1	1	0	1	1	0
G7109	0	0	0	0	1	1
EG10253	0	1	0	0	0	1
EG12325	0	0	0	0	1	1
G0-10465	0	0	0	0	1	0
G6793	0	0	0	0	1	1
EG10059	0	1	1	0	1	0
EG12343	0	0	0	0	1	0
M009	1	1	0	1	1	0
EG11990	0	1	0	0	1	1
EG11036	0	0	0	0	1	0
G7789	0	1	0	0	1	1
EG10908	0	1	0	0	1	0
G6484	0	1	0	0	1	1
G7264	0	1	1	0	1	0
EG10885	0	0	0	0	1	0
EG11678	0	1	0	0	1	1
G6710	1	1	0	1	1	1
EG10869	0	1	0	0	1	0
G6290	0	0	0	0	1	1
G495	0	0	0	1	1	0
EG10230	0	1	0	0	1	0
EG10314	0	1	0	0	1	0
EG12739	0	1	0	0	1	0
EG50001	0	1	0	0	1	0
EG12284	1	1	0	1	1	0
G7640	0	0	0	0	1	1
EG12099	0	0	0	0	1	0
EG12363	0	1	0	0	1	1
EG11959	0	1	1	0	1	0
EG10941	1	0	0	1	1	0
EG11843	1	1	0	1	1	0
EG10905	0	1	0	0	1	0
EG11316	0	1	0	1	1	0
EG10882	0	1	0	0	1	0
G7206	0	0	0	0	1	1
EG11054	0	1	1	0	1	0
EG10866	0	1	0	0	1	0
EG12327	0	1	0	0	1	1
EG10815	0	1	1	0	1	0
EG11508	0	1	0	0	1	0
EG10308	0	1	0	0	1	0
EG10363	1	1	0	1	1	0
EG10918	0	1	0	0	1	0
G6794	0	0	0	0	1	1
EG10161	1	0	0	1	1	0
EG10902	0	1	0	0	1	0
EG12081	0	1	0	0	0	1
EG10056	0	1	1	0	1	0
EG10879	0	1	0	0	1	0
G6485	0	1	0	0	1	1
G8210	0	1	1	0	1	0
EG10785	0	0	0	0	1	0
G7723	1	1	0	1	1	0
EG11232	0	0	0	0	1	0
EG11974	0	1	0	0	1	1
G6986	1	0	0	1	1	0
EG10915	0	1	0	0	1	0
G6480	0	1	0	0	1	0
G6627	1	1	0	1	1	0
EG10892	0	1	0	0	1	0
EG12388	0	0	0	0	1	1
EG20249	0	1	0	0	1	0
EG10876	0	0	0	0	1	0
EG12522	1	1	0	1	1	0
EG12794	0	1	0	0	1	0
EG10529	0	1	0	1	1	0
G7841	0	1	0	1	1	0
EG12275	0	1	1	0	1	0
EG10912	0	0	0	0	1	0
EG11956	1	0	0	1	1	0
EG10215	0	1	0	0	1	0
EG10889	0	0	0	0	1	0
EG11708	0	0	0	0	1	1
EG10873	0	0	0	0	1	0
EG10437	0	1	0	1	1	0
EG11258	0	1	1	0	1	0
EG10504	0	0	0	0	1	0
G7319	0	0	0	1	1	0
EG11051	1	1	0	0	1	0
EG12354	0	1	0	0	1	0
EG11179	0	1	0	0	1	0
EG10788	0	1	0	0	1	0
EG11037	0	1	0	0	1	0
EG10975	0	0	0	0	1	0
EG10567	0	1	1	0	1	0
EG10886	0	1	0	0	1	0
EG10543	1	1	0	1	1	0
EG10210	0	0	0	1	1	0
EG10870	0	1	0	0	1	0
EG11353	1	0	0	1	1	0
EG10353	0	1	0	0	1	0
EG10335	0	0	0	0	1	0
EG10142	0	1	1	0	1	0
EG50002	0	1	0	0	1	0
EG11424	0	0	0	1	1	0
EG10053	1	1	0	1	1	0
EG12114	0	1	0	0	1	0
EG11351	1	0	0	1	1	0
G7948	0	1	0	0	1	0
EG10942	0	0	0	1	1	0
EG11455	1	1	0	1	1	0
G7546	0	1	0	0	1	0
EG10906	0	0	0	0	1	0
G6721	0	1	0	1	1	0
EG12274	0	1	0	0	1	0
EG10883	0	1	0	0	1	0
EG11352	1	0	0	1	1	0
G6338	0	0	1	0	1	0
EG11681	0	1	0	0	1	0
EG20080	1	1	0	1	1	0
EG10919	0	0	0	0	1	0
EG12417	1	1	0	1	1	0
EG10903	0	0	0	0	1	0
EG12245	1	0	0	1	1	0
EG10880	0	1	0	0	1	0
EG11906	0	0	0	0	1	1
EG10916	0	1	0	0	1	0
EG11648	1	1	0	1	1	0
EG10900	0	0	0	0	1	0
EG11221	1	1	0	1	1	0
EG10877	0	1	0	0	1	0
EG10971	1	1	0	1	1	0
EG10761	0	1	0	0	1	0
EG11151	0	1	0	0	1	0
EG10564	1	1	0	1	1	0
EG10913	0	0	0	0	1	0
EG10525	0	1	0	0	1	0
EG10890	0	0	0	0	1	0
EG10350	1	1	0	1	1	0
EG10874	0	1	0	0	1	0
EG10116	0	1	0	0	1	0
EG10505	0	1	0	0	1	0
EG10027	1	1	0	1	1	0
EG12903	0	0	0	0	0	1
G7919	0	1	0	1	1	0
EG11087	0	0	0	0	1	0
G7447	0	1	1	0	1	1
EG10910	0	0	0	0	1	0
G6718	1	1	0	1	1	0
EG10887	0	1	0	0	1	0
G6205	1	1	0	1	1	0
EG10871	0	0	0	0	1	0
EG20044	0	1	1	0	1	0
EG10360	0	0	0	0	1	0
EG12414	1	1	1	0	1	0
EG50004	0	1	0	0	1	0
EG12144	1	1	0	1	1	0
EG12223	0	0	0	0	1	0
EG11867	1	1	0	1	1	0
EG11033	0	0	0	0	1	0
EG11101	0	0	0	1	1	0
EG10884	0	0	0	0	1	0
EG10949	0	1	0	0	1	1
EG10868	0	0	0	0	1	0
EG10616	1	1	0	1	1	0
EG10920	0	1	0	0	1	0
EG10561	1	1	0	1	1	0
EG10904	0	0	0	0	1	0
EG10411	1	1	0	1	1	0
EG10865	0	1	0	0	1	0
EG10336	0	1	1	0	1	0
EG11255	0	0	0	0	1	0
EG10087	0	0	0	0	1	0
EG10917	0	1	0	0	1	0
EG10016	1	1	0	1	1	0
EG10901	0	0	0	0	1	0
M014	1	1	0	1	1	0
EG10878	0	0	0	0	1	0
G7892	1	1	0	1	1	0
EG10762	0	0	0	0	1	0
G7336	1	1	0	1	1	0
EG11231	0	1	0	0	1	0
G6714	1	1	0	1	1	0
EG10914	0	1	0	0	1	0
G6196	1	1	0	1	1	0
EG10891	0	0	0	0	1	0
EG13159	0	1	1	0	1	0
EG10875	0	0	0	0	1	0
EG12296	1	1	0	1	1	0
EG10506	0	1	0	0	1	0
EG12034	0	0	1	0	1	0
G6362	0	0	0	0	1	0
EG11848	1	1	0	1	1	0
EG11128	0	0	0	0	1	1
EG11402	1	1	0	1	1	0
EG10911	0	0	0	0	1	0
EG11074	1	1	0	1	1	0
EG10888	0	0	0	0	1	0
EG10819	0	1	0	0	1	0
EG10872	0	0	0	0	1	0
EG10593	0	1	1	0	1	0
EG10443	0	1	0	0	1	0
EG10558	0	1	1	0	1	0
EG10492	1	0	0	1	1	0
EG10369	1	1	0	1	0	0
EG11067	1	0	0	1	1	0
EG10254	0	0	0	0	1	0
EG10409	1	0	0	1	1	0
EG10060	0	1	0	0	1	1
EG11001	1	1	0	1	1	0
M010	1	1	0	1	1	0
EG10196	1	1	0	1	1	0
G7821	0	1	0	0	1	0
EG10770	1	0	0	1	1	0
G7331	0	1	0	0	1	0
EG10071	1	1	0	1	1	0
G6711	1	1	0	1	1	0
EG10586	1	0	0	1	1	0
G6094	1	1	0	1	1	0
EG10532	1	0	0	1	1	0
EG12760	0	1	1	0	1	0
EG11272	0	1	0	0	1	1
EG12286	1	1	0	1	1	1
EG10410	1	0	0	1	1	0
EG11961	0	1	1	0	1	0
EG11030	1	0	0	1	1	0
EG11845	1	1	0	1	1	0
EG10390	1	0	0	1	1	0
EG11319	1	0	0	1	1	0
EG10094	1	0	0	1	1	0
EG11055	1	1	0	1	1	0
EG10709	1	1	0	1	1	0
EG10816	0	1	1	0	1	0
EG10552	1	0	0	1	1	0
EG10577	1	1	0	1	1	0
EG12454	0	0	0	0	1	0
EG10555	0	1	1	0	1	0
EG10453	1	0	0	1	1	0
EG10364	0	1	0	0	1	0
EG11043	1	0	0	1	1	0
EG10165	0	1	1	0	1	0
EG10947	1	1	0	1	1	0
EG10057	0	1	1	0	1	0
EG10097	1	1	0	1	1	0
GB4478	1	1	0	1	1	0
EG10710	1	1	0	1	1	0
G7724	1	1	0	1	1	0
EG10034	1	1	0	1	1	0
G7128	1	1	0	1	1	0
EG10553	1	1	0	1	1	0
G6708	1	1	0	1	1	0
G7047	0	1	0	0	0	0
EG20252	0	1	1	0	1	0
G0-8863	0	1	0	0	0	0
EG12734	1	1	0	1	1	0
G0-8913	0	0	0	0	0	1
EG12276	0	1	1	0	1	0
G0-10610	0	0	0	0	0	0
EG11957	1	1	0	1	1	0
G0-8886	0	0	0	0	0	1
EG11729	0	0	0	0	1	1
EG31116	0	1	0	0	0	0
EG11288	0	0	0	1	1	0
EG30063	0	1	0	0	0	0
EG11052	1	0	0	0	1	0
G0-8872	0	1	0	0	0	0
EG10789	0	1	0	1	1	0
G0-8866	0	0	0	0	0	0
EG10568	0	1	1	0	1	0
G0-8914	0	1	0	0	0	0
EG10355	1	1	0	1	1	0
EG10143	0	1	0	0	1	0
G0-8899	0	1	0	0	0	0
EG10054	0	1	0	0	1	0
G0-10598	0	0	0	0	0	0
G7990	0	1	1	0	1	0
G0-8884	0	1	0	0	0	1
G7565	1	1	0	1	1	0
EG30098	0	1	0	0	0	0
G6811	1	1	0	1	1	0
G0-8873	0	0	0	0	0	0
G6347	0	1	1	0	1	0
G0-9042	0	0	0	0	0	0
EG20173	1	1	0	1	1	0
EG12419	1	1	0	1	1	0
G0-8901	0	1	0	0	0	0
EG12253	1	0	0	1	1	0
G0-10602	0	1	0	0	0	1
EG11909	0	0	0	0	1	1
G0-8885	0	0	0	0	0	1
EG11658	0	1	1	0	1	0
EG31115	0	0	0	0	0	0
EG11225	0	1	1	0	1	0
G0-8878	0	1	0	0	0	1
EG10972	0	1	0	0	1	0
EG30088	0	1	0	0	0	0
EG10754	1	1	0	1	1	0
EG30072	0	1	0	0	0	0
EG10565	1	1	0	1	1	0
EG30085	0	1	0	0	0	0
EG10526	0	1	1	0	1	0
EG30027	0	0	0	0	0	0
EG10351	1	1	0	1	1	0
EG30082	0	1	0	0	0	0
EG10140	0	1	1	0	1	0
EG30079	0	1	0	0	0	0
EG10035	1	1	0	1	1	0
EG30076	0	1	0	0	0	0
EG30089	0	1	0	0	0	0
EG30073	0	1	0	0	0	0
EG30086	0	1	0	0	0	0
EG30070	0	1	0	0	0	0
EG30083	0	1	0	0	0	0
EG30080	0	1	0	0	0	0
G7525	0	0	0	1	1	0
EG30077	0	1	0	0	0	0
EG30090	0	1	0	0	0	0
EG30074	0	1	0	0	0	0
EG30087	0	1	0	0	0	0
EG30071	0	1	0	0	0	0
EG30084	0	1	0	0	0	0
EG11178	0	1	0	0	1	0
EG30081	0	1	0	0	0	0
EG30078	0	1	0	0	0	0
EG30091	0	1	0	0	0	0
EG30075	0	1	0	0	0	0
EG31117	1	0	0	0	0	0
EG30096	1	0	0	0	0	0
EG30056	1	1	0	0	0	0
EG30040	1	0	0	0	0	0
EG30022	1	1	0	0	0	0
EG11268	0	0	0	0	1	0
EG30112	1	0	0	0	0	0
EG30093	1	1	0	0	0	0
EG30053	1	1	0	0	0	0
EG30037	1	1	0	0	0	0
EG30019	1	0	0	0	0	0
G7387	1	1	0	0	0	0
EG30109	1	1	0	0	0	0
EG30067	1	1	0	0	0	0
EG30050	1	1	0	0	0	0
EG30034	1	1	0	0	0	0
EG30016	1	1	0	0	0	0
EG12340	0	0	0	0	1	1
G7069	1	0	0	0	0	0
G6270	0	0	0	0	0	1
EG30106	1	1	0	0	0	0
EG10613	0	1	1	0	1	0
EG30064	1	1	0	0	0	0
EG30047	1	1	0	0	0	0
EG30031	1	1	0	0	0	0
EG30013	1	0	0	0	0	0
G6392	1	0	0	0	0	0
EG30103	1	1	0	0	0	0
EG30060	1	1	0	0	0	0
EG30044	1	1	0	0	0	0
EG30028	1	1	0	0	0	0
EG30010	1	1	0	0	0	0
G6389	1	0	0	0	0	0
EG30097	1	1	0	0	0	0
EG10014	0	1	1	0	1	0
EG30057	1	1	0	0	0	0
G7808	0	0	1	0	1	0
EG30041	1	0	0	0	0	0
EG11754	0	1	1	0	1	0
EG30023	1	0	0	0	0	0
EG11305	0	0	1	0	1	0
EG30113	1	1	0	0	0	0
EG12241	0	1	1	0	1	0
EG30094	1	0	0	0	0	0
EG11479	0	0	1	0	1	0
EG30054	1	0	0	0	0	0
G7806	0	0	1	0	1	0
EG30038	1	0	0	0	0	0
EG11704	0	1	1	0	1	0
EG30020	1	1	0	0	0	0
G7991	1	0	0	0	0	0
EG30110	1	1	0	0	0	0
G7840	0	1	0	0	1	0
EG30068	1	1	0	0	0	0
G6417	0	1	0	0	1	0
EG30051	1	1	0	0	0	0
G7921	0	1	1	0	1	0
EG30035	1	1	0	0	0	0
G6543	0	1	1	0	1	0
EG30017	1	1	0	0	0	0
G6666	0	0	0	0	1	0
G7118	0	0	0	0	1	1
G6323	0	1	0	0	1	0
EG30107	1	1	0	0	0	0
EG30065	1	1	0	0	0	0
EG30048	1	1	0	0	0	0
G6850	0	0	1	0	1	1
EG30032	1	1	0	0	0	0
EG11486	1	1	1	1	1	0
EG30014	1	1	0	0	0	0
G6491	0	1	0	0	1	1
EG30104	1	1	0	0	0	0
EG10657	0	1	0	0	0	1
EG30061	1	1	0	0	0	0
G6412	0	1	0	0	1	1
EG30045	1	1	0	0	0	0
G7873	0	0	0	0	0	1
EG30029	1	1	0	0	0	0
G7659	0	1	0	0	1	0
EG30011	1	1	0	0	0	0
G6233	0	0	0	0	1	1
G6390	1	0	0	0	0	0
G7405	0	1	1	0	1	0
EG30101	1	1	0	0	0	0
EG12799	0	1	0	0	1	0
EG30058	1	1	0	0	0	0
G7006	0	0	0	0	1	1
EG30042	1	1	0	0	0	0
G6492	0	1	0	0	0	1
EG30024	1	0	0	0	0	0
EG11197	0	0	0	0	1	0
EG30008	1	1	0	0	0	0
G6465	0	1	0	0	1	0
EG30114	1	1	0	0	0	0
G7888	0	0	1	0	1	0
EG30095	1	0	0	0	0	0
G7685	0	1	1	0	1	0
EG30055	1	1	0	0	0	0
G6260	0	1	1	0	1	0
EG30039	1	0	0	0	0	0
G7406	0	0	1	0	1	0
EG30021	1	0	0	0	0	0
EG12933	0	1	0	0	1	1
EG11116	0	1	0	1	1	1
G7007	0	0	0	0	1	1
EG30111	1	0	0	0	0	0
EG11988	0	0	0	0	1	1
EG30092	1	1	0	0	0	0
G6674	0	0	1	0	1	0
EG30052	1	1	0	0	0	0
EG11338	0	0	0	0	0	1
EG30036	1	1	0	0	0	0
G6490	0	1	0	0	0	1
EG30018	1	0	0	0	0	0
EG10297	0	1	0	0	1	1
G7346	0	1	0	0	1	1
G6321	0	1	1	0	1	0
EG30108	1	1	0	0	0	0
G7686	0	1	1	0	1	0
EG30066	1	1	0	0	0	0
G7658	0	1	0	0	1	0
EG30049	1	1	0	0	0	0
G6193	0	1	0	0	1	1
EG30033	1	1	0	0	0	0
G7216	0	0	0	0	1	0
EG30015	1	0	0	0	0	0
EG12455	0	0	1	0	1	0
EG30105	1	0	0	0	0	0
EG30062	1	0	0	0	0	0
EG30046	1	0	0	0	0	0
EG30030	1	1	0	0	0	0
EG30012	1	1	0	0	0	0
G6391	1	0	0	0	0	0
EG30102	1	1	0	0	0	0
EG30059	1	1	0	0	0	0
EG30043	1	1	0	0	0	0
EG30025	1	1	0	0	0	0
EG30009	1	1	0	0	0	0
G7940	0	1	0	0	1	1
EG10438	0	1	0	0	1	0
G6874	0	0	0	0	1	1
G7830	0	0	0	0	1	0
EG12096	0	0	0	0	1	0
EG11131	0	1	0	0	1	0
G6871	0	0	0	0	1	0
G0-8868	0	1	0	0	0	0
EG11325	1	1	0	1	1	0
G7842	0	1	0	1	1	0
G0-8910	0	1	0	0	0	0
G7459	0	0	0	0	1	0
EG11249	0	1	0	0	1	0
G7923	0	1	0	0	1	0
G0-8882	0	1	0	0	0	0
G0-10451	0	1	0	0	1	0
EG10864	0	0	0	0	1	0
G7629	0	0	0	0	1	0
G7063	0	1	0	0	1	0
G7452	1	1	0	1	1	0
G0-10580	0	1	0	0	1	0
G6675	0	0	0	0	1	0
G6875	0	0	0	0	1	1
EG11538	0	0	0	1	1	0
EG12146	0	0	0	0	1	0
EG10997	1	0	0	1	1	0
G6872	0	0	0	0	1	1
G7422	0	0	0	1	1	0
EG11730	0	1	0	0	1	0
G6488	0	0	0	1	1	0
G6600	0	1	0	0	1	0
EG12207	0	0	0	1	1	0
EG10984	0	1	0	0	1	0
EG11372	0	1	0	1	1	0
G0-8785	0	1	0	0	0	0
EG10943	1	0	0	1	1	0
EG10881	0	1	0	0	1	0
G7845	0	0	0	1	1	0
G7610	0	1	0	0	1	0
G7325	1	1	0	1	1	0
G6364	0	0	0	1	1	0
G6876	0	0	0	0	1	0
EG12098	0	0	0	1	1	0
EG12866	0	0	0	0	1	0
EG11311	0	1	0	1	1	0
G6873	0	0	0	0	1	1
EG10812	1	1	0	1	1	0
EG11879	0	0	0	0	1	0
G7714	1	0	0	1	1	0
G6603	0	1	0	0	1	0
G6096	0	0	0	1	1	0
EG11256	0	1	0	0	1	0
EG11932	0	0	0	1	1	0
G0-8867	0	1	0	0	0	0
EG11247	0	0	0	1	1	0
EG10907	0	1	0	0	1	0
EG10523	0	1	0	1	1	0
G7885	0	0	0	0	1	0
G7698	1	0	0	1	1	0
G7008	0	1	0	1	1	0
EG10018	0	0	0	0	1	0
EG12609	0	0	0	1	1	0
G6925	0	1	0	0	1	0
EG11794	0	1	0	1	1	0
EG30100	0	1	0	0	0	0
EG11118	0	0	0	1	1	0
EG10375	1	1	0	1	1	0
G7456	0	0	0	1	1	0
G6732	0	0	0	0	1	0
EG12366	0	0	0	1	1	0
EG11757	1	0	0	1	1	0
EG11022	0	1	0	1	1	0
EG10439	0	1	0	0	1	0
G7431	1	1	0	1	1	0
EG10292	0	1	0	0	1	0
G6501	0	0	0	1	1	0
EG11503	0	0	0	1	1	0
EG10967	0	0	0	1	1	0
G7950	0	0	0	1	1	0
G7327	0	0	0	1	1	0
G7882	0	1	0	0	1	1
G6416	0	1	0	1	1	0
G6919	0	1	0	0	1	1
EG12163	0	0	0	1	1	0
G6226	0	0	0	0	1	1
EG11344	1	1	0	1	1	0
EG12176	0	0	0	0	0	1
G7750	0	1	0	1	1	0
G7601	0	1	0	0	1	0
G7199	1	0	0	1	1	0
G6774	0	0	0	0	0	1
EG12022	0	0	0	1	1	0
G6097	0	1	0	0	1	1
EG11254	0	0	0	1	1	0
EG12006	1	0	0	0	1	0
EG10595	0	0	0	1	1	0
G7573	0	1	0	0	1	0
G7712	1	0	0	1	1	0
G6745	0	1	0	0	1	0
G7020	1	0	0	1	1	0
EG30099	0	1	0	0	0	0
EG12876	1	0	0	1	1	0
EG11450	0	1	0	0	1	1
EG11888	0	0	0	1	1	0
G7397	0	1	0	0	1	1
EG11171	1	0	0	1	1	0
G6569	0	1	0	0	1	0
EG10376	0	0	0	1	1	0
EG12431	0	1	0	0	1	0
G7603	0	0	0	1	1	0
EG10977	0	1	0	0	1	0
G6746	0	0	0	0	1	0
G7161	0	0	0	0	1	1
EG12401	0	0	0	0	1	0
G6384	0	0	0	0	1	1
EG11768	1	0	0	1	1	0
EG12308	0	0	0	0	1	1
EG11023	0	1	0	1	1	0
EG10665	0	1	0	0	1	0
EG10136	0	0	0	0	1	0
G7909	0	0	0	0	0	1
G7449	0	0	0	1	1	0
G6957	0	0	0	0	1	1
G6581	0	1	0	1	1	0
G6227	0	1	0	0	1	0
EG12233	0	0	0	1	1	0
EG12179	0	1	0	0	1	0
EG11507	0	1	0	1	1	0
EG10415	0	0	0	0	1	0
EG10996	1	0	0	1	1	0
G7863	0	0	0	0	0	0
G7349	0	0	0	1	1	1
G6853	0	0	0	0	1	1
G6449	0	0	0	1	1	0
G6153	0	0	0	0	0	1
EG12167	1	1	0	1	1	0
EG12008	0	1	0	0	1	0
EG11362	0	0	0	1	1	0
G7575	1	1	0	0	1	0
G7843	1	0	0	1	1	0
G6750	0	0	0	0	1	1
G7297	0	0	0	1	1	0
G6245	1	0	0	1	1	0
EG11578	0	1	0	0	1	0
EG12044	0	0	0	1	1	0
G7472	0	1	0	0	1	1
EG11299	0	0	0	0	1	0
G6671	0	1	0	0	1	1
EG10690	0	0	0	0	1	0
EG12624	0	1	0	0	0	1
G7713	1	0	0	1	1	0
EG11083	0	0	0	0	1	0
G7021	1	0	0	1	1	0
G7262	0	1	0	0	1	0
EG11921	0	0	0	1	1	0
G6398	0	1	0	0	1	1
EG11177	0	1	0	1	1	0
EG12356	0	0	0	0	1	0
EG10454	0	0	0	1	1	0
EG10867	0	1	0	0	1	0
G7641	0	0	0	1	1	0
G7944	0	1	0	0	1	1
G6991	1	0	0	1	1	0
G6976	0	1	0	0	1	0
EG12433	0	0	0	1	1	0
G6259	0	0	0	0	0	1
EG11779	0	0	0	1	1	0
EG12204	0	1	0	0	1	0
EG11085	0	1	0	1	1	0
EG10466	0	1	0	0	1	0
EG10343	0	0	0	1	1	0
G7869	0	0	0	0	0	1
EG10164	0	1	0	0	1	0
G6889	0	1	0	0	1	0
G7936	0	1	0	0	1	1
G6165	0	1	0	0	1	0
G7245	0	1	0	0	1	1
EG12140	0	0	0	0	1	1
G6628	0	1	0	0	1	0
G7594	0	1	0	0	1	0
EG12630	0	0	0	0	1	0
G6761	0	1	0	0	1	0
EG12242	0	1	0	0	1	0
G0-9621	0	1	0	0	1	0
EG11966	0	1	0	0	1	0
EG11854	0	1	0	0	1	1
EG11707	0	1	0	0	1	1
G7547	0	0	0	0	1	0
EG10836	0	1	0	0	1	0
G6680	0	0	0	0	1	0
EG10125	0	1	0	0	1	0
EG12860	0	1	0	0	1	0
G7912	0	1	0	0	1	1
EG11432	0	0	0	0	0	1
G7563	0	1	0	0	1	0
G7344	0	0	0	0	0	1
G7133	0	0	0	0	1	1
G6420	0	0	0	0	1	0
G6799	0	1	0	0	1	0
EG12406	0	1	0	0	1	0
G6467	0	1	0	0	1	1
EG10909	0	1	0	0	1	0
G6181	0	0	0	0	1	1
G6985	0	0	0	0	1	0
EG11618	1	1	0	0	1	0
G6332	0	0	0	0	1	1
EG11285	1	0	0	0	1	0
EG12247	0	1	0	0	1	1
EG10957	0	1	0	0	1	0
EG10467	0	1	0	0	1	0
EG10457	0	1	0	0	1	0
EG10291	0	1	0	0	1	0
EG10111	0	1	0	0	1	0
G7518	0	1	0	0	1	1
G6144	0	0	0	0	1	0
EG12344	0	1	0	0	1	0
EG11111	0	1	0	0	1	0
EG12162	0	0	0	0	1	0
EG11929	0	0	0	0	1	0
EG11861	0	0	0	0	1	1
EG10309	0	1	0	0	1	0
EG11594	0	0	0	0	1	1
G7189	0	1	0	0	1	1
EG11212	0	0	0	0	1	0
EG10312	0	1	0	0	1	0
EG10731	1	1	0	0	1	0
G7348	0	1	0	0	1	0
G6319	1	1	0	0	1	0
G0-10592	0	0	0	0	0	0
G369	0	1	0	0	1	0
EG12116	0	1	0	0	1	0
EG11838	0	1	0	0	1	1
EG11140	1	1	0	0	1	0
EG10895	0	0	0	0	1	0
G6623	0	1	0	0	1	0
EG10050	0	1	0	0	1	0
EG10711	0	0	0	0	0	1
G7688	0	1	0	0	1	0
G7326	0	1	0	0	1	0
G6664	0	0	0	0	1	0
EG12402	0	1	0	0	0	1
G6263	0	0	0	0	1	0
EG11502	0	0	0	0	1	0
EG12278	0	1	0	0	1	0
G6784	0	0	0	1	1	0
EG12105	0	1	0	0	1	0
EG10800	0	1	0	0	1	0
EG11741	0	0	0	0	1	0
EG11435	0	1	0	0	1	0
G0-10201	0	0	0	0	0	0
EG11092	0	0	0	0	0	0
EG11837	0	0	0	0	1	0
EG10845	0	1	0	0	1	0
G6804	1	1	0	1	0	0
EG10667	0	0	0	0	1	0
EG11236	0	1	0	1	1	0
EG10517	1	0	0	0	1	0
G6577	0	0	0	1	1	0
EG10166	0	1	0	0	1	0
G7619	0	1	0	0	1	0
G0-10574	0	0	0	0	0	0
G7257	0	0	0	0	1	1
EG12252	0	1	0	1	1	0
G6864	1	1	0	0	1	0
G6869	0	0	0	0	1	0
G6638	0	1	0	0	1	1
EG11277	0	1	0	0	1	0
EG12694	0	1	0	0	1	0
EG12243	0	1	0	0	1	0
G6161	0	0	0	0	0	1
EG11969	0	1	0	0	1	0
G7292	0	1	0	0	1	1
EG11711	0	0	0	0	1	1
G6415	0	1	0	0	1	1
EG11394	0	0	0	0	1	0
EG11972	0	1	0	0	1	1
G7311	0	0	0	0	1	0
EG11078	0	1	0	0	1	0
G7146	0	0	0	1	1	0
G6339	1	1	0	1	1	0
G7913	0	1	0	0	1	1
EG12257	0	0	0	0	1	1
G7511	0	0	0	0	1	1
G6812	0	0	0	0	1	1
G7287	0	1	0	0	1	1
G6790	0	1	0	0	1	0
G6546	0	1	0	0	1	0
G6973	0	0	0	0	1	0
EG12428	0	0	0	0	1	1
EG11649	0	1	0	0	1	1
EG11042	0	1	0	0	1	0
EG10958	0	1	0	0	1	0
EG10603	0	1	0	0	1	0
G6170	0	1	0	0	0	0
EG11897	0	1	0	0	1	0
EG11609	1	1	0	0	1	0
EG11218	1	1	0	0	1	0
EG10899	0	1	0	0	1	0
G0-9388	0	1	0	0	0	1
EG10268	0	0	0	0	1	0
G0-8895	0	1	0	0	0	1
G0-8862	0	0	0	0	0	1
G7416	0	0	0	0	1	1
G7509	0	0	0	0	1	0
G0-9382	0	0	0	0	0	0
G7003	0	1	0	0	1	0
G0-10633	0	0	0	0	1	1
EG12335	0	1	0	0	1	0
G0-10630	0	0	0	0	0	1
G0-8883	0	0	0	0	0	0
EG12123	0	1	0	0	1	0
EG12429	0	1	0	0	1	1
EG12879	0	0	0	0	1	1
EG11849	0	1	0	0	1	1
G0-10634	0	1	0	0	1	1
G0-8879	0	0	0	0	0	1
EG11544	0	1	0	0	1	0
G0-10631	0	0	0	0	1	0
EG11235	0	1	0	0	1	0
EG11146	0	1	0	0	1	0
G0-10472	0	0	0	0	1	0
G0-8874	0	1	0	0	0	0
EG10896	0	1	0	0	1	0
EG11498	0	0	0	1	1	0
G0-8865	0	0	0	0	0	1
EG10226	0	1	0	0	1	0
G6798	1	1	0	1	1	0
G0-9383	0	1	0	0	0	0
G7727	0	1	0	0	1	1
G0-10632	0	0	0	0	0	1
G6274	0	1	0	0	1	0
G0-10629	0	0	0	0	1	1
G0-8905	0	1	0	0	0	1
EG12289	0	0	0	0	1	1
EG11817	1	0	0	1	1	0
G0-10600	0	0	0	0	0	1
EG12108	0	1	0	0	1	0
G0-8880	0	1	0	0	0	0
EG11785	0	0	0	0	1	1
EG11554	0	1	0	0	1	0
EG11449	0	1	0	0	1	0
G0-8875	0	0	0	0	0	1
EG11103	0	0	0	0	1	1
G0-8870	0	0	0	0	0	1
EG10893	0	0	0	0	1	0
G0-9385	0	0	0	0	0	0
EG10672	1	1	0	0	1	0
G6639	0	1	0	1	1	0
G0-9381	0	1	0	0	0	0
G6247	0	1	0	0	1	0
G0-10609	0	1	0	0	0	1
EG12246	0	0	0	0	1	1
G0-8881	0	1	0	0	0	1
EG11721	0	0	0	0	1	1
G6964	0	0	0	0	0	1
EG12330	0	0	0	0	0	0
G7924	0	0	0	0	1	0
G6840	0	1	0	0	0	1
G0-8876	0	0	0	0	0	0
G7244	1	0	0	0	1	0
G6651	1	1	0	1	1	1
G0-8871	0	1	0	0	0	0
G6814	0	1	0	0	1	0
G6504	0	0	0	0	1	1
G6602	0	0	0	0	1	0
G6403	0	1	0	0	0	1
EG12235	0	1	0	0	1	0
G6252	0	0	0	0	0	1
EG11355	0	1	0	0	1	0
G0-9609	0	0	0	0	0	1
G7088	0	0	0	0	1	1
G6789	0	1	0	0	1	0
G0-10651	0	0	0	0	0	1
G6175	0	0	0	0	1	0
G0-10434	0	1	0	0	1	1
EG11252	0	1	0	0	1	0
EG11913	0	1	0	0	1	1
EG12375	0	0	0	0	1	1
G7530	0	0	0	1	1	0
EG11615	1	0	0	0	1	0
EG12251	0	0	0	0	1	1
EG12165	0	1	0	0	1	0
EG10935	0	1	0	0	1	0
EG11970	0	1	0	0	0	1
EG11334	0	1	0	1	1	0
EG10442	0	1	0	0	1	0
EG11855	0	1	0	0	1	1
G7751	0	1	0	1	1	0
G7854	0	0	0	0	1	0
EG11690	0	0	0	0	0	1
G6500	0	1	0	0	1	1
G7488	0	0	0	0	1	1
EG11488	0	0	0	0	0	0
EG11357	0	1	0	0	1	0
G7057	1	1	0	0	1	0
G7941	0	0	0	0	1	1
G6954	1	1	0	1	1	0
G6737	0	1	0	0	1	0
EG11263	0	1	0	0	0	1
EG11901	0	0	0	0	1	1
G6346	1	1	0	0	1	0
G7837	0	1	0	0	1	1
EG12341	0	1	0	0	1	0
EG11164	0	1	0	0	1	1
EG10897	0	1	0	0	1	0
G7696	0	0	0	0	0	1
EG10061	1	1	0	0	1	0
EG11097	0	1	0	0	1	1
G7347	0	1	0	0	1	1
G7611	0	0	0	0	0	1
G6673	0	1	0	1	1	0
G7492	0	0	0	1	1	0
G6436	0	0	0	0	1	1
G6276	0	1	0	0	1	0
G7382	0	1	0	0	0	1
G6557	0	1	0	0	1	1
EG12301	0	1	0	0	1	0
G7188	0	1	0	0	1	1
G6805	1	1	0	1	0	0
EG12112	0	0	0	0	1	1
G7014	0	1	0	0	1	1
EG11519	0	1	0	0	1	0
G6945	0	0	0	0	0	1
EG10894	0	0	0	0	1	0
G6807	0	0	0	0	1	1
EG10681	0	1	0	0	1	0
G6629	0	1	0	0	1	1
G7237	0	1	0	1	1	0
EG10359	0	1	0	0	1	0
G6482	0	1	0	0	1	1
G6846	0	1	0	1	1	1
G7678	0	0	0	0	1	0
G6387	0	0	0	0	1	1
G6669	0	0	0	1	1	0
G6882	0	1	0	0	1	0
G6230	0	0	0	0	0	1
EG10739	0	0	0	1	1	0
G6658	0	0	0	0	1	1
G0-8891	0	0	0	0	0	1
G7513	0	0	0	1	1	1
EG12031	0	1	0	0	1	1
G6847	0	1	0	1	1	1
EG11738	0	1	0	0	1	0
G0-10647	0	0	0	0	0	1
G6670	0	1	0	1	1	0
EG11434	0	1	0	0	1	0
EG12874	0	0	0	0	0	1
EG11762	0	0	0	0	1	1
EG10666	0	1	0	0	1	0
EG12337	0	0	0	0	1	0
G6848	0	1	0	1	1	0
G6407	0	0	0	0	0	1
EG12212	0	0	0	0	0	1
G6845	0	1	0	1	1	1
EG11481	0	0	0	1	1	0
EG11943	0	1	0	0	0	1
EG12384	1	0	0	1	1	1
EG11619	0	0	0	0	1	0
EG11832	0	0	0	0	0	1
EG10049	0	1	0	1	1	0
EG10627	0	1	0	1	1	0
EG11645	0	1	0	0	0	1
EG10534	0	0	0	1	1	0
EG11465	0	1	0	0	0	1
G6558	0	1	0	0	1	1
G7915	0	1	0	0	0	1
EG11193	0	1	0	0	1	1
EG11217	0	1	0	0	0	1
G6303	0	0	0	0	0	0
G7828	0	0	0	0	0	1
EG11068	0	0	0	0	1	0
EG11144	0	0	0	0	1	1
EG11808	0	1	0	0	1	1
G7684	0	0	0	0	0	1
EG10651	0	1	0	1	1	0
EG10854	0	0	0	0	1	0
G7117	0	0	0	0	0	1
G7597	0	1	0	0	0	1
EG10624	0	0	0	1	1	0
G7461	0	1	0	0	0	1
G6937	0	1	0	0	1	0
G7321	0	0	0	0	0	0
EG11222	0	1	0	1	1	0
G7173	0	1	0	0	1	1
EG10329	0	1	0	1	1	0
G6998	0	1	0	0	0	1
G6306	0	0	0	0	1	0
G6914	0	0	0	0	0	1
EG11073	0	1	0	1	1	0
G6763	0	1	0	0	0	1
EG10029	0	1	0	1	1	0
G6608	0	1	0	0	0	1
EG12717	0	0	0	1	1	0
G6460	0	1	0	0	1	1
EG11871	0	0	0	1	1	0
G6355	0	1	0	0	0	1
EG11058	0	1	0	1	1	0
G6190	0	0	0	1	0	0
EG10662	0	1	0	1	1	0
G7425	0	1	0	0	1	0
EG11491	0	1	0	0	1	1
EG10986	0	0	0	1	1	0
EG12850	0	0	0	0	1	1
EG10625	0	0	0	1	1	0
EG12323	0	0	0	0	0	1
G6992	0	1	0	0	1	1
EG12110	0	0	0	0	0	1
EG11281	0	0	0	1	1	0
EG11937	0	1	0	0	0	1
EG10533	0	1	0	0	1	0
EG11776	0	0	0	0	0	0
G6383	0	0	0	1	1	0
EG11581	0	0	0	1	0	0
EG10037	0	1	0	1	1	0
EG11410	0	0	0	0	0	1
G6251	0	0	0	0	1	0
G7871	0	1	0	0	0	1
EG11061	0	1	0	1	1	0
EG11196	0	1	0	0	0	1
EG10736	0	1	0	1	1	0
G7759	0	1	0	0	0	1
EG10976	0	1	0	0	1	0
EG11134	0	0	0	0	0	1
RUVB	0	1	0	1	1	0
G7674	0	0	0	0	1	1
EG12080	0	1	0	0	1	0
EG10846	0	0	0	0	0	1
EG10441	0	1	0	0	1	0
G7551	0	1	0	0	0	1
EG11069	0	0	0	0	1	0
G7443	1	1	0	1	1	1
EG10317	0	1	0	0	1	0
G7298	0	0	0	0	0	1
EG10834	0	0	0	1	1	0
G7162	0	0	0	0	0	1
EG10831	0	1	0	0	1	0
G6995	0	1	0	0	0	1
EG11071	0	0	0	0	1	0
G6894	0	1	0	0	1	1
EG10426	0	0	0	0	1	0
G6758	0	1	0	0	1	1
EG10925	0	0	0	1	1	0
G6560	0	0	0	0	0	1
EG10832	0	0	0	1	1	0
G6434	0	0	0	0	1	1
RUVA	0	1	0	1	1	0
G6324	0	1	0	0	0	1
EG10823	0	1	0	0	1	0
G6162	0	0	0	0	0	1
EG11296	0	0	0	0	1	0
EG10440	0	1	0	0	1	0
EG10612	0	0	0	0	1	0
G0-10511	0	1	0	0	0	1
EG10460	0	0	0	0	1	0
EG12708	0	0	0	0	0	1
EG10211	0	1	0	1	1	0
EG12290	0	0	0	0	1	1
EG10668	0	1	0	1	1	0
EG12097	0	0	0	1	0	0
EG10458	0	0	0	0	1	0
EG11927	0	0	0	0	0	0
EG11892	0	1	0	0	1	0
EG11744	0	0	0	0	1	1
EG10837	0	1	0	0	1	0
EG11542	1	0	0	1	1	0
EG10243	0	0	0	1	1	0
EG11360	0	0	0	0	0	1
EG11414	0	0	0	0	1	0
G7848	0	0	0	0	0	1
EG10828	0	1	0	1	1	0
EG11188	0	0	0	0	0	1
EG10238	0	0	0	1	1	0
G7734	0	0	0	0	1	1
EG11366	0	1	0	0	1	0
EG11125	0	1	0	0	0	1
EG10763	0	0	0	0	1	0
G7648	0	0	0	0	0	1
EG10235	0	1	0	0	1	0
EG10412	0	1	0	1	1	0
EG11064	0	1	0	0	1	0
G7529	0	0	0	0	0	1
EG10687	0	1	0	0	1	0
G7434	0	1	0	0	1	1
EG12780	0	0	0	0	1	0
G7266	0	0	0	1	1	0
EG11038	0	0	0	0	1	0
G7087	0	0	0	0	1	1
EG10424	0	1	0	0	1	0
G6989	0	0	0	1	1	0
EG12158	0	0	0	0	1	0
G6881	0	1	0	0	0	0
EG10244	0	0	0	0	1	0
G6699	0	0	0	0	1	1
EG11500	0	0	0	0	1	0
G6527	0	0	0	0	1	0
EG10829	0	1	0	1	1	0
G6425	1	0	0	1	0	0
EG10239	0	1	0	0	1	0
G6287	0	0	0	0	1	1
EG11412	0	0	0	0	1	0
G6103	0	1	0	1	1	0
EG10764	0	1	0	0	1	0
EG10236	0	0	0	0	1	0
EG10746	0	1	0	1	1	0
G0-10448	0	0	0	0	0	1
G6115	0	1	0	1	1	0
EG12444	0	1	0	0	1	1
EG11056	0	1	0	1	1	0
EG12269	0	0	0	0	0	1
EG10490	0	1	0	0	1	0
EG12016	0	0	0	0	1	1
EG12197	0	1	0	0	1	0
EG11916	0	0	0	0	0	1
EG11013	0	1	0	0	1	0
EG11685	0	0	0	1	1	0
EG11722	0	1	0	0	1	1
EG10245	0	0	0	0	1	0
EG11245	1	0	0	1	1	0
EG11524	0	0	0	0	1	1
EG11505	0	1	0	0	1	0
EG10759	1	1	0	1	1	0
EG11309	0	0	0	1	1	0
EG10833	0	1	0	0	1	0
EG10688	1	1	0	1	1	0
EG11182	0	1	0	0	0	1
EG10242	0	1	0	0	1	0
G7293	1	0	0	1	1	0
G7731	0	0	0	0	1	1
EG11413	0	0	0	0	1	0
EG10368	1	1	0	1	1	0
EG11117	0	1	0	0	0	1
EG10765	0	1	0	0	1	0
EG11699	1	1	0	1	1	0
G7616	0	0	0	1	0	0
EG10237	0	0	0	0	1	0
EG10258	1	1	0	1	1	0
EG10218	0	0	0	0	1	0
EG10747	0	1	0	1	1	0
EG11447	0	0	0	0	1	0
G7499	0	0	0	0	0	1
EG10948	1	0	0	1	1	0
EG10204	0	0	0	1	1	0
G7417	0	1	0	0	1	1
EG10702	1	1	0	1	1	0
G7313	0	0	0	0	1	0
G7236	0	1	0	1	1	0
EG11057	0	1	0	1	1	0
G7502	1	0	0	1	1	0
G7058	0	1	0	1	1	0
EG10686	0	0	0	0	1	0
EG10374	0	0	0	1	1	0
G6981	0	0	0	0	0	1
EG12690	0	1	0	0	1	0
EG12164	0	0	0	0	1	1
G6865	0	0	0	0	1	1
EG11014	0	0	0	0	1	0
EG10283	1	0	0	1	1	0
G6652	1	1	0	1	1	1
EG10423	0	1	0	0	1	0
EG11517	1	1	0	1	1	0
G6505	0	0	0	0	0	1
G6457	0	1	0	1	1	0
EG11239	1	0	0	1	1	0
G6405	0	0	0	0	0	1
EG10703	1	1	0	1	1	0
EG10724	1	1	0	1	1	0
G6258	0	0	0	0	0	1
EG10576	1	1	0	1	1	0
G7072	0	1	0	0	1	0
EG12409	0	1	0	0	0	1
G7040	0	1	0	0	0	1
G6755	1	1	0	1	1	0
EG10367	1	1	0	1	1	0
G0-10652	0	0	0	0	0	1
EG12191	1	1	0	0	1	0
G0-10438	0	0	0	0	0	1
G6521	0	1	0	1	1	1
EG12379	0	1	0	0	0	1
EG11602	1	0	0	1	1	0
EG12256	0	0	0	0	1	1
G6518	0	1	0	0	1	0
EG11995	0	0	0	0	0	1
EG10642	0	1	1	0	1	0
EG11860	0	0	0	0	0	1
G7506	0	0	0	0	0	1
EG11712	0	1	0	0	1	1
EG12345	1	0	0	1	1	0
EG11515	0	1	0	0	1	1
G6522	1	1	0	1	1	0
G7951	0	0	0	0	1	1
EG12153	0	1	1	0	1	0
EG11267	0	0	0	0	1	1
G6519	1	1	0	1	1	1
G7839	0	0	0	0	0	1
EG10898	0	1	0	0	1	0
EG11166	0	1	0	1	1	0
EG10654	0	1	1	0	1	0
G7697	0	0	0	0	0	1
G7596	1	1	0	1	1	0
EG11099	0	0	0	0	0	1
G6944	1	1	0	1	1	0
G7612	0	0	0	0	0	1
G6523	1	1	0	1	1	0
EG10015	0	0	0	0	1	0
EG12188	0	0	0	0	1	0
G7495	0	0	0	0	1	1
G6520	1	1	0	1	1	1
G7384	0	0	0	0	0	1
EG11600	1	0	0	1	1	0
G7192	0	0	0	0	0	0
EG10003	0	0	1	0	1	0
G7024	0	0	0	0	0	1
EG10395	1	1	0	1	1	0
G6966	0	1	0	0	1	1
G6477	1	1	0	1	1	0
G6948	0	0	0	0	1	1
EG10195	0	1	1	0	1	0
G6808	0	0	0	0	1	1
G7455	0	0	0	0	1	0
G6630	0	1	0	0	0	1
EG10190	1	1	0	1	1	0
G6496	0	0	0	0	0	1
EG10185	1	1	0	1	1	0
G6394	0	1	0	0	0	1
EG11601	0	0	0	0	0	1
G6240	0	0	0	0	1	0
G6906	1	1	0	1	1	0
G0-9541	0	1	0	0	0	1
EG10929	0	0	1	0	1	0
G6479	1	1	0	1	1	0
G0-10648	0	0	0	0	0	1
EG10197	0	1	1	0	1	0
EG12875	0	0	0	0	1	1
G7663	1	0	0	1	1	0
EG10191	1	1	0	1	1	0
EG12342	0	0	0	0	1	1
EG11569	0	0	1	0	1	0
EG12358	0	1	1	0	1	0
EG12224	0	0	0	0	0	1
EG12691	0	0	0	0	1	0
EG10186	1	1	0	1	1	0
EG11951	0	1	0	0	0	1
EG10855	0	0	1	0	1	0
G6952	1	0	0	1	0	0
EG11839	0	1	0	0	0	1
G6637	0	0	0	0	1	0
EG11705	0	0	0	0	0	1
EG11651	0	0	0	0	0	1
EG10089	0	0	0	0	0	0
EG11361	0	0	0	0	1	1
EG11467	0	1	0	0	1	1
G6788	0	1	0	0	0	1
G7927	0	0	0	0	0	1
EG10198	0	1	1	0	1	0
EG11251	0	1	0	0	0	1
EG10194	1	1	0	1	1	0
G7834	0	0	0	0	1	1
EG10189	1	1	0	1	1	0
EG11157	0	1	0	1	1	0
EG11955	0	0	0	1	1	0
G7690	0	0	0	0	0	1
EG10183	0	1	1	0	1	0
EG10951	0	1	0	0	0	1
EG10755	1	0	0	1	1	0
G7605	0	0	0	0	0	1
EG10610	0	1	0	0	1	1
EG10715	0	1	0	0	1	1
G7466	0	1	0	0	1	1
G6751	0	1	0	1	1	0
EG10734	0	1	1	0	1	0
G7338	0	0	0	0	1	1
G6528	0	1	1	1	1	0
EG11510	0	1	0	1	1	0
G7177	0	1	0	0	0	1
EG11926	0	1	0	0	1	1
EG10727	1	1	0	1	1	0
G7005	0	0	0	0	0	0
EG11923	0	1	0	0	1	1
EG11049	0	1	1	0	1	0
G6915	0	1	0	0	0	1
G6529	0	1	1	1	1	0
EG10722	1	1	0	1	1	0
G6769	0	0	0	0	0	1
EG12259	0	1	0	1	1	0
EG11046	0	1	1	0	1	0
G6616	0	0	0	0	0	1
EG11924	0	1	0	0	1	1
EG10719	1	1	0	1	1	0
G6471	0	0	0	0	1	1
EG10609	0	1	0	0	1	0
EG10782	0	1	1	0	1	0
G6363	0	0	0	0	0	1
G6530	0	1	0	1	1	0
EG10716	1	1	0	1	1	0
G6207	0	0	0	0	0	1
EG12260	0	0	0	1	1	0
G6476	0	1	1	0	1	0
EG11925	0	1	0	0	1	1
EG10735	0	1	0	0	1	0
